user_id,item_id,rating,endEmo,dominantEmo
23,14,5,2,2,2_2,23_2_2
21,5,3,2,2,2_2,21_2_2
21,6,4,2,2,2_2,21_2_2
22,13,4,2,3,2_3,22_2_3
21,7,3,1,7,1_7,21_1_7
20,12,5,1,1,1_1,20_1_1
21,15,3,7,5,7_5,21_7_5
15,11,4,2,2,2_2,15_2_2
23,18,4,2,7,2_7,23_2_7
26,17,5,2,2,2_2,26_2_2
26,18,4,2,2,2_2,26_2_2
26,16,1,7,7,7_7,26_7_7
27,19,2,7,7,7_7,27_7_7
28,19,2,7,7,7_7,28_7_7
29,20,3,7,7,7_7,29_7_7
30,21,4,4,1,4_1,30_4_1
30,22,1,7,7,7_7,30_7_7
31,3,3,7,7,7_7,31_7_7
31,9,4,1,2,1_2,31_1_2
33,5,3,7,7,7_7,33_7_7
33,6,4,2,2,2_2,33_2_2
34,4,4,4,7,4_7,34_4_7
35,23,1,6,6,6_6,35_6_6
35,24,3,2,4,2_4,35_2_4
35,25,4,2,2,2_2,35_2_2
27,18,4,7,2,7_2,27_7_2
27,26,5,2,4,2_4,27_2_4
31,27,4,2,2,2_2,31_2_2
31,28,3,2,2,2_2,31_2_2
23,31,4,4,2,4_2,23_4_2
21,29,4,2,4,2_4,21_2_4
23,32,3,5,7,5_7,23_5_7
21,30,4,1,6,1_6,21_1_6
28,33,2,7,7,7_7,28_7_7
26,34,3,7,7,7_7,26_7_7
28,35,4,7,2,7_2,28_7_2
35,30,4,1,3,1_3,35_1_3
35,36,3,4,3,4_3,35_4_3
33,37,5,2,2,2_2,33_2_2
21,38,5,2,2,2_2,21_2_2
37,39,4,4,2,4_2,37_4_2
38,30,3,7,6,7_6,38_7_6
27,33,3,7,7,7_7,27_7_7
27,40,4,2,2,2_2,27_2_2
27,41,4,2,4,2_4,27_2_4
39,1,3,2,7,2_7,39_2_7
39,2,3,2,2,2_2,39_2_2
39,16,4,2,4,2_4,39_2_4
39,42,4,7,4,7_4,39_7_4
40,16,1,7,7,7_7,40_7_7
21,43,3,2,2,2_2,21_2_2
21,45,5,1,2,1_2,21_1_2
31,44,5,2,2,2_2,31_2_2
20,29,4,7,7,7_7,20_7_7
31,46,3,2,2,2_2,31_2_2
25,9,4,1,1,1_1,25_1_1
25,47,5,4,3,4_3,25_4_3
25,48,2,7,5,7_5,25_7_5
41,49,4,7,7,7_7,41_7_7
42,17,4,2,2,2_2,42_2_2
42,50,3,7,2,7_2,42_7_2
42,51,4,2,5,2_5,42_2_5
42,52,1,7,7,7_7,42_7_7
42,53,4,2,4,2_4,42_2_4
42,54,5,1,4,1_4,42_1_4
42,55,3,2,2,2_2,42_2_2
42,39,4,7,4,7_4,42_7_4
42,58,3,2,7,2_7,42_2_7
42,57,5,2,2,2_2,42_2_2
42,56,1,7,6,7_6,42_7_6
42,34,5,2,2,2_2,42_2_2
42,63,4,1,2,1_2,42_1_2
42,18,4,2,2,2_2,42_2_2
42,62,3,7,7,7_7,42_7_7
42,61,1,5,6,5_6,42_5_6
25,59,2,2,2,2_2,25_2_2
25,60,3,1,4,1_4,25_1_4
21,64,3,2,7,2_7,21_2_7
33,64,3,7,2,7_2,33_7_2
35,65,3,2,7,2_7,35_2_7
41,66,2,4,4,4_4,41_4_4
43,67,4,7,2,7_2,43_7_2
27,38,4,4,2,4_2,27_4_2
45,68,4,2,2,2_2,45_2_2
33,70,4,1,1,1_1,33_1_1
33,71,2,7,7,7_7,33_7_7
33,72,4,7,7,7_7,33_7_7
33,73,3,7,7,7_7,33_7_7
21,54,4,1,7,1_7,21_1_7
47,75,3,6,6,6_6,47_6_6
35,80,3,2,4,2_4,35_2_4
21,74,5,2,7,2_7,21_2_7
27,69,3,1,7,1_7,27_1_7
28,69,3,7,7,7_7,28_7_7
31,76,5,2,2,2_2,31_2_2
31,77,4,2,2,2_2,31_2_2
41,78,5,2,2,2_2,41_2_2
41,79,3,7,7,7_7,41_7_7
37,47,4,2,4,2_4,37_2_4
48,92,3,7,7,7_7,48_7_7
25,66,4,2,4,2_4,25_2_4
49,47,5,2,4,2_4,49_2_4
49,93,3,6,5,6_5,49_6_5
49,51,4,7,7,7_7,49_7_7
49,81,5,4,4,4_4,49_4_4
49,82,5,7,2,7_2,49_7_2
49,83,3,4,4,4_4,49_4_4
49,84,5,1,1,1_1,49_1_1
49,85,4,2,2,2_2,49_2_2
50,86,2,7,7,7_7,50_7_7
50,85,3,7,3,7_3,50_7_3
50,87,2,7,5,7_5,50_7_5
21,88,3,2,2,2_2,21_2_2
157,73,3,2,2,2_2,157_2_2
157,89,4,7,7,7_7,157_7_7
157,90,3,7,7,7_7,157_7_7
157,91,4,1,7,1_7,157_1_7
48,94,4,2,1,2_1,48_2_1
35,66,5,4,4,4_4,35_4_4
21,58,3,1,3,1_3,21_1_3
42,95,4,1,4,1_4,42_1_4
42,96,3,2,2,2_2,42_2_2
50,97,4,1,1,1_1,50_1_1
26,95,4,1,7,1_7,26_1_7
41,98,3,4,4,4_4,41_4_4
52,99,4,2,2,2_2,52_2_2
53,100,5,1,1,1_1,53_1_1
53,101,3,2,6,2_6,53_2_6
53,102,4,2,2,2_2,53_2_2
37,103,3,7,7,7_7,37_7_7
49,104,3,7,7,7_7,49_7_7
53,105,3,7,1,7_1,53_7_1
21,106,4,4,4,4_4,21_4_4
42,65,5,2,2,2_2,42_2_2
33,106,5,4,4,4_4,33_4_4
50,107,1,7,2,7_2,50_7_2
54,108,2,2,4,2_4,54_2_4
54,109,4,2,7,2_7,54_2_7
21,110,4,2,2,2_2,21_2_2
31,110,4,2,2,2_2,31_2_2
27,111,4,2,2,2_2,27_2_2
54,112,3,2,2,2_2,54_2_2
21,113,4,4,7,4_7,21_4_7
31,113,3,6,3,6_3,31_6_3
24,114,3,7,7,7_7,24_7_7
35,114,2,7,7,7_7,35_7_7
55,115,4,6,6,6_6,55_6_6
35,116,3,2,7,2_7,35_2_7
50,117,5,1,1,1_1,50_1_1
50,118,5,2,2,2_2,50_2_2
50,119,2,5,5,5_5,50_5_5
35,120,5,2,2,2_2,35_2_2
56,107,3,7,7,7_7,56_7_7
25,121,2,6,3,6_3,25_6_3
21,122,5,2,7,2_7,21_2_7
21,123,3,2,4,2_4,21_2_4
31,123,4,2,2,2_2,31_2_2
55,124,3,7,4,7_4,55_7_4
21,125,4,2,2,2_2,21_2_2
48,109,4,4,4,4_4,48_4_4
25,126,4,1,1,1_1,25_1_1
25,99,1,6,6,6_6,25_6_6
57,127,2,7,7,7_7,57_7_7
57,38,5,2,2,2_2,57_2_2
57,109,4,7,2,7_2,57_7_2
33,113,3,4,4,4_4,33_4_4
33,122,4,2,2,2_2,33_2_2
33,125,2,7,7,7_7,33_7_7
26,128,5,1,7,1_7,26_1_7
42,128,5,2,2,2_2,42_2_2
42,99,2,7,7,7_7,42_7_7
48,127,3,7,4,7_4,48_7_4
25,102,3,1,1,1_1,25_1_1
24,129,4,7,7,7_7,24_7_7
55,130,4,4,4,4_4,55_4_4
28,111,3,7,2,7_2,28_7_2
21,129,4,2,3,2_3,21_2_3
50,131,5,1,2,1_2,50_1_2
48,104,4,7,2,7_2,48_7_2
50,132,4,2,3,2_3,50_2_3
42,133,3,7,4,7_4,42_7_4
56,134,2,5,5,5_5,56_5_5
55,135,4,6,6,6_6,55_6_6
59,136,1,7,7,7_7,59_7_7
41,137,3,7,7,7_7,41_7_7
21,104,3,7,7,7_7,21_7_7
59,138,3,1,3,1_3,59_1_3
21,139,4,2,5,2_5,21_2_5
21,99,5,2,2,2_2,21_2_2
59,179,2,7,7,7_7,59_7_7
25,68,3,2,2,2_2,25_2_2
25,140,3,2,2,2_2,25_2_2
42,141,5,2,4,2_4,42_2_4
42,38,5,4,4,4_4,42_4_4
60,142,4,7,7,7_7,60_7_7
21,66,3,7,2,7_2,21_7_2
50,131,5,1,2,1_2,50_1_2
50,39,3,7,7,7_7,50_7_7
27,143,4,7,2,7_2,27_7_2
48,144,4,7,4,7_4,48_7_4
25,145,4,2,2,2_2,25_2_2
25,83,3,7,7,7_7,25_7_7
42,146,4,2,2,2_2,42_2_2
25,147,4,2,2,2_2,25_2_2
25,155,3,2,4,2_4,25_2_4
25,148,4,4,4,4_4,25_4_4
35,149,5,2,2,2_2,35_2_2
55,150,5,2,4,2_4,55_2_4
55,151,5,1,4,1_4,55_1_4
55,152,5,2,4,2_4,55_2_4
55,156,4,2,1,2_1,55_2_1
55,157,3,2,4,2_4,55_2_4
59,153,3,7,7,7_7,59_7_7
21,154,2,7,7,7_7,21_7_7
21,142,3,7,5,7_5,21_7_5
57,67,3,7,2,7_2,57_7_2
57,54,2,4,4,4_4,57_4_4
61,47,5,2,7,2_7,61_2_7
26,146,3,2,7,2_7,26_2_7
50,158,3,2,2,2_2,50_2_2
35,13,3,5,7,5_7,35_5_7
54,159,4,7,4,7_4,54_7_4
50,159,3,4,2,4_2,50_4_2
35,160,2,5,5,5_5,35_5_5
61,161,5,2,2,2_2,61_2_2
61,3,4,2,2,2_2,61_2_2
21,162,4,2,2,2_2,21_2_2
61,163,2,7,2,7_2,61_7_2
26,141,5,2,7,2_7,26_2_7
26,164,5,2,2,2_2,26_2_2
26,47,3,7,7,7_7,26_7_7
26,63,5,7,2,7_2,26_7_2
26,65,4,2,2,2_2,26_2_2
26,53,4,2,2,2_2,26_2_2
26,77,4,2,2,2_2,26_2_2
26,165,5,7,4,7_4,26_7_4
26,26,4,7,7,7_7,26_7_7
26,38,3,6,7,6_7,26_6_7
27,166,3,7,7,7_7,27_7_7
28,166,3,2,3,2_3,28_2_3
28,143,3,2,2,2_2,28_2_2
35,101,2,5,6,5_6,35_5_6
56,167,4,7,7,7_7,56_7_7
62,47,5,4,4,4_4,62_4_4
63,168,3,2,7,2_7,63_2_7
63,169,3,6,7,6_7,63_6_7
63,83,4,6,2,6_2,63_6_2
27,170,2,7,7,7_7,27_7_7
28,170,2,2,2,2_2,28_2_2
35,42,3,7,2,7_2,35_7_2
43,171,5,7,2,7_2,43_7_2
64,172,5,2,2,2_2,64_2_2
33,173,4,2,2,2_2,33_2_2
31,138,4,3,3,3_3,31_3_3
61,65,4,2,2,2_2,61_2_2
31,174,4,2,2,2_2,31_2_2
31,175,5,2,2,2_2,31_2_2
21,83,5,7,5,7_5,21_7_5
21,176,3,7,2,7_2,21_7_2
21,177,4,2,7,2_7,21_2_7
21,173,3,7,7,7_7,21_7_7
27,178,3,1,2,1_2,27_1_2
31,183,3,4,7,4_7,31_4_7
42,180,5,1,2,1_2,42_1_2
42,181,5,2,2,2_2,42_2_2
42,182,4,2,2,2_2,42_2_2
42,165,5,2,2,2_2,42_2_2
42,78,5,1,2,1_2,42_1_2
33,184,1,7,7,7_7,33_7_7
31,185,4,2,1,2_1,31_2_1
21,184,2,7,7,7_7,21_7_7
33,176,5,2,4,2_4,33_2_4
27,186,5,2,2,2_2,27_2_2
91,187,2,7,1,7_1,91_7_1
43,188,3,7,7,7_7,43_7_7
56,189,4,2,2,2_2,56_2_2
55,190,4,4,4,4_4,55_4_4
55,191,5,7,6,7_6,55_7_6
55,192,4,7,7,7_7,55_7_7
55,193,4,4,4,4_4,55_4_4
55,194,4,4,2,4_2,55_4_2
55,79,4,1,4,1_4,55_1_4
55,195,5,1,4,1_4,55_1_4
50,196,5,2,2,2_2,50_2_2
60,136,3,7,2,7_2,60_7_2
60,86,4,2,2,2_2,60_2_2
48,197,5,2,2,2_2,48_2_2
71,198,3,7,4,7_4,71_7_4
71,199,1,1,5,1_5,71_1_5
72,200,5,1,1,1_1,72_1_1
72,201,5,2,7,2_7,72_2_7
63,202,2,6,6,6_6,63_6_6
73,203,3,2,4,2_4,73_2_4
25,204,4,1,5,1_5,25_1_5
75,205,3,7,7,7_7,75_7_7
75,206,5,2,4,2_4,75_2_4
75,207,5,2,3,2_3,75_2_3
75,208,3,2,5,2_5,75_2_5
75,209,4,2,2,2_2,75_2_2
75,183,5,1,4,1_4,75_1_4
48,68,4,7,2,7_2,48_7_2
27,210,3,7,4,7_4,27_7_4
35,61,2,7,6,7_6,35_7_6
50,38,5,2,2,2_2,50_2_2
54,38,5,2,2,2_2,54_2_2
31,211,4,2,2,2_2,31_2_2
31,212,4,2,6,2_6,31_2_6
61,213,3,7,7,7_7,61_7_7
15,214,3,3,3,3_3,15_3_3
15,215,2,3,3,3_3,15_3_3
15,216,4,2,2,2_2,15_2_2
15,99,5,2,2,2_2,15_2_2
55,217,5,6,6,6_6,55_6_6
55,218,4,7,4,7_4,55_7_4
35,220,5,2,2,2_2,35_2_2
55,219,5,4,4,4_4,55_4_4
21,220,4,2,2,2_2,21_2_2
35,221,3,4,3,4_3,35_4_3
73,222,2,3,6,3_6,73_3_6
55,223,5,1,4,1_4,55_1_4
27,224,3,1,7,1_7,27_1_7
28,224,3,7,7,7_7,28_7_7
35,225,4,2,2,2_2,35_2_2
21,226,5,2,5,2_5,21_2_5
61,124,4,7,2,7_2,61_7_2
20,226,4,7,7,7_7,20_7_7
35,227,2,7,6,7_6,35_7_6
15,228,4,7,4,7_4,15_7_4
15,229,2,6,6,6_6,15_6_6
21,230,5,2,5,2_5,21_2_5
43,231,5,4,7,4_7,43_4_7
35,232,2,5,6,5_6,35_5_6
79,99,4,7,3,7_3,79_7_3
79,233,4,4,3,4_3,79_4_3
79,234,5,1,2,1_2,79_1_2
15,235,3,7,7,7_7,15_7_7
82,199,5,2,2,2_2,82_2_2
83,236,5,2,6,2_6,83_2_6
15,237,5,2,2,2_2,15_2_2
15,166,4,2,2,2_2,15_2_2
39,66,4,2,2,2_2,39_2_2
85,111,5,2,2,2_2,85_2_2
85,166,4,2,2,2_2,85_2_2
27,238,2,7,7,7_7,27_7_7
28,238,1,7,7,7_7,28_7_7
35,239,3,7,7,7_7,35_7_7
35,240,4,4,7,4_7,35_4_7
43,241,5,4,7,4_7,43_4_7
35,242,4,7,7,7_7,35_7_7
59,47,4,7,7,7_7,59_7_7
35,243,2,6,5,6_5,35_6_5
86,220,5,7,7,7_7,86_7_7
86,244,5,7,7,7_7,86_7_7
86,245,5,7,7,7_7,86_7_7
86,246,5,7,7,7_7,86_7_7
86,247,2,7,7,7_7,86_7_7
86,248,5,4,4,4_4,86_4_4
86,249,5,4,7,4_7,86_4_7
86,250,5,7,7,7_7,86_7_7
21,251,2,7,7,7_7,21_7_7
15,107,5,2,2,2_2,15_2_2
31,109,4,2,2,2_2,31_2_2
31,252,3,2,2,2_2,31_2_2
25,253,3,4,6,4_6,25_4_6
25,254,1,7,7,7_7,25_7_7
25,255,4,2,2,2_2,25_2_2
45,114,4,2,2,2_2,45_2_2
45,3032,5,4,4,4_4,45_4_4
45,3504,5,7,7,7_7,45_7_7
87,3505,5,4,4,4_4,87_4_4
42,3506,3,2,7,2_7,42_2_7
55,172,5,2,4,2_4,55_2_4
55,3507,5,4,7,4_7,55_4_7
21,3508,4,2,2,2_2,21_2_2
21,3509,2,7,7,7_7,21_7_7
25,3510,4,2,2,2_2,25_2_2
88,3511,5,1,1,1_1,88_1_1
88,3512,5,1,1,1_1,88_1_1
88,3191,5,4,3,4_3,88_4_3
15,74,4,1,6,1_6,15_1_6
31,3513,2,2,2,2_2,31_2_2
31,2465,3,2,2,2_2,31_2_2
15,3514,3,7,7,7_7,15_7_7
15,3515,4,2,2,2_2,15_2_2
15,3516,5,2,2,2_2,15_2_2
35,3517,2,7,6,7_6,35_7_6
33,3646,5,4,4,4_4,33_4_4
31,3518,4,2,2,2_2,31_2_2
21,3646,5,2,4,2_4,21_2_4
89,3519,4,2,4,2_4,89_2_4
35,47,5,2,2,2_2,35_2_2
89,65,2,2,2,2_2,89_2_2
89,104,3,2,2,2_2,89_2_2
89,52,5,2,2,2_2,89_2_2
89,180,4,2,2,2_2,89_2_2
89,212,2,5,6,5_6,89_5_6
20,230,4,2,2,2_2,20_2_2
25,3520,4,1,4,1_4,25_1_4
25,3521,2,3,3,3_3,25_3_3
33,3508,4,7,2,7_2,33_7_2
91,38,4,2,2,2_2,91_2_2
35,3522,4,2,2,2_2,35_2_2
93,3526,5,2,2,2_2,93_2_2
55,2021,4,2,7,2_7,55_2_7
96,3523,3,7,7,7_7,96_7_7
96,2628,5,2,2,2_2,96_2_2
27,3524,3,7,1,7_1,27_7_1
96,3510,5,4,7,4_7,96_4_7
96,243,2,7,6,7_6,96_7_6
96,3525,5,2,2,2_2,96_2_2
96,3526,5,2,2,2_2,96_2_2
96,61,3,7,4,7_4,96_7_4
96,191,5,2,7,2_7,96_2_7
96,192,5,7,2,7_2,96_7_2
96,3527,4,7,1,7_1,96_7_1
96,138,5,4,7,4_7,96_4_7
96,3528,3,1,6,1_6,96_1_6
96,2592,5,2,2,2_2,96_2_2
96,18,4,7,7,7_7,96_7_7
96,3529,5,2,4,2_4,96_2_4
96,3530,5,2,2,2_2,96_2_2
96,3531,5,7,7,7_7,96_7_7
96,3532,1,5,7,5_7,96_5_7
96,13,5,2,7,2_7,96_2_7
96,3533,5,2,2,2_2,96_2_2
96,3534,3,7,2,7_2,96_7_2
99,3528,3,3,3,3_3,99_3_3
43,3535,4,4,7,4_7,43_4_7
96,3536,4,2,2,2_2,96_2_2
96,3537,4,2,2,2_2,96_2_2
96,3538,3,2,2,2_2,96_2_2
96,3539,5,2,2,2_2,96_2_2
96,3507,4,7,7,7_7,96_7_7
96,3540,4,2,7,2_7,96_2_7
15,178,4,2,2,2_2,15_2_2
96,3541,5,2,2,2_2,96_2_2
96,3542,3,7,7,7_7,96_7_7
96,66,3,2,2,2_2,96_2_2
100,3543,5,4,4,4_4,100_4_4
100,212,5,2,1,2_1,100_2_1
100,194,3,7,7,7_7,100_7_7
100,2360,5,2,2,2_2,100_2_2
100,3544,2,7,7,7_7,100_7_7
15,3545,2,7,7,7_7,15_7_7
15,3546,4,1,1,1_1,15_1_1
55,3547,5,2,1,2_1,55_2_1
55,3548,5,2,2,2_2,55_2_2
55,3549,5,2,2,2_2,55_2_2
100,79,3,7,7,7_7,100_7_7
61,16,3,5,7,5_7,61_5_7
15,3550,3,1,1,1_1,15_1_1
56,68,5,2,2,2_2,56_2_2
56,247,3,4,7,4_7,56_4_7
21,3551,3,1,7,1_7,21_1_7
55,196,5,2,7,2_7,55_2_7
55,62,5,4,4,4_4,55_4_4
31,164,5,2,2,2_2,31_2_2
31,3188,5,2,1,2_1,31_2_1
55,3552,4,2,2,2_2,55_2_2
89,3553,4,4,2,4_2,89_4_2
89,3554,4,1,2,1_2,89_1_2
89,66,2,5,2,5_2,89_5_2
55,3555,4,2,2,2_2,55_2_2
55,3556,5,2,2,2_2,55_2_2
31,3557,2,6,6,6_6,31_6_6
28,3524,3,7,4,7_4,28_7_4
28,3558,4,7,7,7_7,28_7_7
55,3559,4,2,2,2_2,55_2_2
55,3560,5,2,2,2_2,55_2_2
28,3561,5,2,2,2_2,28_2_2
35,3562,4,2,4,2_4,35_2_4
55,3563,4,4,7,4_7,55_4_7
50,3564,4,7,2,7_2,50_7_2
50,38,4,2,2,2_2,50_2_2
43,3565,5,2,4,2_4,43_2_4
28,3566,4,6,5,6_5,28_6_5
33,3567,5,2,4,2_4,33_2_4
50,3568,3,7,5,7_5,50_7_5
50,3569,4,4,2,4_2,50_4_2
55,3569,3,7,7,7_7,55_7_7
103,3098,5,7,7,7_7,103_7_7
103,3570,5,7,7,7_7,103_7_7
103,54,5,7,7,7_7,103_7_7
37,3571,5,2,2,2_2,37_2_2
37,3572,4,2,2,2_2,37_2_2
37,3573,4,7,7,7_7,37_7_7
37,3574,4,2,4,2_4,37_2_4
37,3575,3,7,7,7_7,37_7_7
37,3576,5,2,2,2_2,37_2_2
37,3577,3,1,2,1_2,37_1_2
37,3578,3,7,2,7_2,37_7_2
37,3510,3,4,4,4_4,37_4_4
55,3579,4,7,4,7_4,55_7_4
55,3580,4,7,2,7_2,55_7_2
43,3581,5,2,2,2_2,43_2_2
21,3582,3,7,7,7_7,21_7_7
21,3583,3,2,7,2_7,21_2_7
21,3584,4,7,2,7_2,21_7_2
61,3585,3,7,7,7_7,61_7_7
54,3545,4,2,2,2_2,54_2_2
50,3545,4,2,4,2_4,50_2_4
42,3510,3,7,7,7_7,42_7_7
35,3586,5,2,4,2_4,35_2_4
24,52,5,7,7,7_7,24_7_7
21,3587,3,7,7,7_7,21_7_7
31,3588,4,3,6,3_6,31_3_6
31,3589,3,2,2,2_2,31_2_2
31,3590,4,2,1,2_1,31_2_1
31,34,5,2,2,2_2,31_2_2
33,3591,2,7,7,7_7,33_7_7
23,3592,4,7,7,7_7,23_7_7
55,3580,4,2,7,2_7,55_2_7
55,3187,4,2,1,2_1,55_2_1
55,3593,4,7,4,7_4,55_7_4
55,3594,3,7,7,7_7,55_7_7
89,201,4,7,5,7_5,89_7_5
89,1,2,5,4,5_4,89_5_4
89,3595,1,2,6,2_6,89_2_6
15,112,5,2,2,2_2,15_2_2
21,3596,5,2,5,2_5,21_2_5
42,86,4,2,2,2_2,42_2_2
21,3597,2,7,3,7_3,21_7_3
104,3598,3,2,2,2_2,104_2_2
104,3599,3,7,7,7_7,104_7_7
104,3600,2,6,6,6_6,104_6_6
105,3598,4,2,7,2_7,105_2_7
55,3601,4,1,4,1_4,55_1_4
55,166,5,2,2,2_2,55_2_2
28,38,4,4,2,4_2,28_4_2
55,3602,3,2,1,2_1,55_2_1
15,167,5,4,4,4_4,15_4_4
15,3000,5,2,2,2_2,15_2_2
55,3603,3,2,2,2_2,55_2_2
55,3543,5,4,4,4_4,55_4_4
55,3604,3,7,7,7_7,55_7_7
55,3605,4,2,7,2_7,55_2_7
55,3606,5,2,4,2_4,55_2_4
21,3607,5,2,2,2_2,21_2_2
35,3608,4,2,2,2_2,35_2_2
55,3501,3,7,7,7_7,55_7_7
55,38,2,7,5,7_5,55_7_5
61,3609,4,7,2,7_2,61_7_2
35,3610,4,2,2,2_2,35_2_2
50,47,4,2,4,2_4,50_2_4
35,3611,4,2,2,2_2,35_2_2
54,47,4,7,4,7_4,54_7_4
55,3612,4,2,4,2_4,55_2_4
27,3613,4,2,2,2_2,27_2_2
21,3614,1,7,7,7_7,21_7_7
28,3615,4,2,2,2_2,28_2_2
28,3613,4,2,2,2_2,28_2_2
28,3616,2,2,2,2_2,28_2_2
55,3617,5,1,4,1_4,55_1_4
21,3618,3,1,6,1_6,21_1_6
43,3619,5,4,7,4_7,43_4_7
50,2623,5,2,2,2_2,50_2_2
108,3579,5,2,2,2_2,108_2_2
108,3610,5,2,2,2_2,108_2_2
54,67,3,7,7,7_7,54_7_7
54,3610,5,2,2,2_2,54_2_2
50,3610,5,2,2,2_2,50_2_2
89,3545,4,2,2,2_2,89_2_2
27,47,3,7,7,7_7,27_7_7
28,47,3,7,7,7_7,28_7_7
35,3620,4,2,2,2_2,35_2_2
35,3595,3,7,7,7_7,35_7_7
55,3621,3,1,5,1_5,55_1_5
55,3622,4,4,4,4_4,55_4_4
50,3623,4,2,2,2_2,50_2_2
89,3628,5,1,4,1_4,89_1_4
89,3624,4,2,2,2_2,89_2_2
50,49,2,2,7,2_7,50_2_7
50,3625,1,7,7,7_7,50_7_7
55,3623,4,2,1,2_1,55_2_1
55,49,4,2,1,2_1,55_2_1
35,3626,3,7,7,7_7,35_7_7
55,3598,5,2,4,2_4,55_2_4
55,3599,5,1,4,1_4,55_1_4
43,3613,5,2,2,2_2,43_2_2
55,3627,4,4,4,4_4,55_4_4
43,3629,3,7,7,7_7,43_7_7
50,166,4,2,7,2_7,50_2_7
54,166,4,7,2,7_2,54_7_2
35,3630,4,2,4,2_4,35_2_4
24,201,5,4,4,4_4,24_4_4
55,253,3,4,7,4_7,55_4_7
35,3545,5,2,2,2_2,35_2_2
55,3631,3,4,7,4_7,55_4_7
26,3632,5,2,2,2_2,26_2_2
26,3633,5,2,2,2_2,26_2_2
26,3634,4,7,7,7_7,26_7_7
55,3635,5,2,1,2_1,55_2_1
35,18,2,7,4,7_4,35_7_4
55,138,5,4,3,4_3,55_4_3
55,3636,3,2,7,2_7,55_2_7
50,115,5,4,2,4_2,50_4_2
54,115,5,7,5,7_5,54_7_5
25,3637,2,6,6,6_6,25_6_6
25,3638,2,2,2,2_2,25_2_2
25,3639,4,2,2,2_2,25_2_2
25,3579,3,4,4,4_4,25_4_4
25,3521,2,5,4,5_4,25_5_4
25,3640,3,2,2,2_2,25_2_2
25,3641,3,2,2,2_2,25_2_2
25,3642,4,4,3,4_3,25_4_3
25,3643,3,5,5,5_5,25_5_5
25,3644,2,5,5,5_5,25_5_5
61,66,3,7,7,7_7,61_7_7
27,3645,3,7,7,7_7,27_7_7
55,3647,3,7,7,7_7,55_7_7
55,2015,4,2,2,2_2,55_2_2
55,3649,5,2,4,2_4,55_2_4
55,3650,4,2,7,2_7,55_2_7
55,3651,1,6,6,6_6,55_6_6
26,245,4,3,4,3_4,26_3_4
26,3652,3,7,7,7_7,26_7_7
50,190,3,2,2,2_2,50_2_2
50,231,5,2,4,2_4,50_2_4
55,3653,4,2,4,2_4,55_2_4
35,3523,3,7,7,7_7,35_7_7
33,3654,2,7,7,7_7,33_7_7
54,3579,5,2,2,2_2,54_2_2
50,3579,4,7,2,7_2,50_7_2
35,3655,3,7,7,7_7,35_7_7
21,77,4,2,2,2_2,21_2_2
24,3656,4,7,7,7_7,24_7_7
55,39,5,4,4,4_4,55_4_4
24,3657,3,1,1,1_1,24_1_1
55,2523,3,7,7,7_7,55_7_7
55,3658,5,2,2,2_2,55_2_2
24,3659,4,2,2,2_2,24_2_2
33,77,4,4,4,4_4,33_4_4
33,3660,4,7,7,7_7,33_7_7
26,3661,5,3,1,3_1,26_3_1
26,3188,5,7,2,7_2,26_7_2
26,3030,4,7,7,7_7,26_7_7
26,3518,4,7,7,7_7,26_7_7
26,3506,3,7,7,7_7,26_7_7
26,115,5,7,4,7_4,26_7_4
26,54,4,1,4,1_4,26_1_4
26,212,3,7,7,7_7,26_7_7
26,39,3,7,7,7_7,26_7_7
26,3662,4,2,2,2_2,26_2_2
26,3663,2,6,6,6_6,26_6_6
26,55,3,2,2,2_2,26_2_2
26,3664,4,2,7,2_7,26_2_7
26,3665,2,7,7,7_7,26_7_7
26,3666,4,7,7,7_7,26_7_7
26,3667,1,7,7,7_7,26_7_7
26,3668,3,2,7,2_7,26_2_7
26,3669,1,7,7,7_7,26_7_7
35,3670,4,2,4,2_4,35_2_4
55,3610,5,2,2,2_2,55_2_2
55,2716,4,4,7,4_7,55_4_7
55,3530,3,7,7,7_7,55_7_7
55,66,5,6,4,6_4,55_6_4
55,2271,3,1,7,1_7,55_1_7
55,3671,4,1,1,1_1,55_1_1
55,3672,4,2,4,2_4,55_2_4
55,197,5,2,1,2_1,55_2_1
55,47,5,2,4,2_4,55_2_4
55,3673,3,7,7,7_7,55_7_7
55,3674,5,2,1,2_1,55_2_1
43,3649,4,2,4,2_4,43_2_4
23,3675,4,2,2,2_2,23_2_2
31,156,5,2,2,2_2,31_2_2
31,157,5,7,2,7_2,31_7_2
25,3676,3,2,4,2_4,25_2_4
25,3677,1,7,7,7_7,25_7_7
25,3678,3,2,2,2_2,25_2_2
25,16,2,2,7,2_7,25_2_7
27,2611,3,7,7,7_7,27_7_7
27,201,4,7,7,7_7,27_7_7
28,201,3,7,4,7_4,28_7_4
25,3679,4,1,1,1_1,25_1_1
25,141,5,2,2,2_2,25_2_2
33,3680,1,7,7,7_7,33_7_7
25,98,3,2,1,2_1,25_2_1
35,3681,3,2,7,2_7,35_2_7
35,3682,4,2,2,2_2,35_2_2
61,3683,4,2,7,2_7,61_2_7
31,3684,4,2,2,2_2,31_2_2
31,3610,5,2,2,2_2,31_2_2
75,3546,5,1,3,1_3,75_1_3
75,3242,4,2,2,2_2,75_2_2
75,3685,5,2,4,2_4,75_2_4
75,3686,4,2,2,2_2,75_2_2
54,2141,5,4,4,4_4,54_4_4
54,3687,3,7,7,7_7,54_7_7
35,3688,4,2,2,2_2,35_2_2
55,3689,3,5,4,5_4,55_5_4
55,3690,2,6,7,6_7,55_6_7
55,58,2,4,5,4_5,55_4_5
55,3691,3,7,4,7_4,55_7_4
55,3692,4,4,4,4_4,55_4_4
61,3678,4,2,2,2_2,61_2_2
55,178,4,4,2,4_2,55_4_2
55,3693,4,2,4,2_4,55_2_4
55,198,3,4,2,4_2,55_4_2
55,142,4,4,4,4_4,55_4_4
50,3694,4,4,2,4_2,50_4_2
55,67,3,4,7,4_7,55_4_7
55,212,4,4,7,4_7,55_4_7
25,180,3,2,3,2_3,25_2_3
25,52,2,2,2,2_2,25_2_2
25,3613,4,2,2,2_2,25_2_2
25,3687,2,7,2,7_2,25_7_2
25,17,3,2,2,2_2,25_2_2
25,53,4,4,2,4_2,25_4_2
50,3649,4,7,4,7_4,50_7_4
54,3649,4,2,4,2_4,54_2_4
54,3695,3,2,7,2_7,54_2_7
54,3696,5,2,4,2_4,54_2_4
50,3697,4,4,4,4_4,50_4_4
54,3697,4,4,4,4_4,54_4_4
61,3698,4,1,7,1_7,61_1_7
55,3699,5,2,2,2_2,55_2_2
55,3700,5,4,4,4_4,55_4_4
55,3701,5,2,2,2_2,55_2_2
43,3702,4,4,7,4_7,43_4_7
43,3703,5,2,2,2_2,43_2_2
43,201,5,7,1,7_1,43_7_1
61,3545,4,2,2,2_2,61_2_2
21,175,3,2,2,2_2,21_2_2
21,3510,3,7,7,7_7,21_7_7
33,175,3,7,7,7_7,33_7_7
33,3510,4,7,1,7_1,33_7_1
26,135,5,2,2,2_2,26_2_2
37,199,2,2,7,2_7,37_2_7
21,141,4,2,4,2_4,21_2_4
24,3704,4,1,2,1_2,24_1_2
35,3705,2,5,7,5_7,35_5_7
112,3706,5,2,2,2_2,112_2_2
112,3707,5,7,1,7_1,112_7_1
112,3708,5,2,2,2_2,112_2_2
112,3709,5,2,2,2_2,112_2_2
112,3710,2,6,6,6_6,112_6_6
112,3610,4,2,2,2_2,112_2_2
33,141,5,4,4,4_4,33_4_4
26,3687,4,2,2,2_2,26_2_2
37,3711,2,2,7,2_7,37_2_7
24,165,4,2,2,2_2,24_2_2
24,3712,4,4,2,4_2,24_4_2
43,3713,5,4,7,4_7,43_4_7
43,3714,4,7,7,7_7,43_7_7
35,3715,1,5,6,5_6,35_5_6
43,3716,5,1,1,1_1,43_1_1
37,3717,5,4,2,4_2,37_4_2
37,3718,5,2,2,2_2,37_2_2
21,3696,5,7,4,7_4,21_7_4
35,3719,3,7,7,7_7,35_7_7
35,215,4,2,3,2_3,35_2_3
21,3720,4,2,2,2_2,21_2_2
55,3521,5,4,6,4_6,55_4_6
55,3721,5,2,2,2_2,55_2_2
55,54,2,7,6,7_6,55_7_6
33,3720,2,7,7,7_7,33_7_7
55,3722,5,2,4,2_4,55_2_4
50,3723,3,7,5,7_5,50_7_5
54,3723,3,6,6,6_6,54_6_6
31,3635,5,2,2,2_2,31_2_2
50,3724,4,2,4,2_4,50_2_4
54,3724,5,2,2,2_2,54_2_2
50,3725,4,2,2,2_2,50_2_2
54,3725,4,2,2,2_2,54_2_2
91,3726,5,1,7,1_7,91_1_7
91,3727,3,7,7,7_7,91_7_7
91,51,4,7,7,7_7,91_7_7
55,3728,5,2,4,2_4,55_2_4
20,3729,5,2,1,2_1,20_2_1
61,3695,2,7,7,7_7,61_7_7
48,3730,5,1,1,1_1,48_1_1
50,3731,3,2,2,2_2,50_2_2
54,3731,4,2,2,2_2,54_2_2
60,166,5,2,2,2_2,60_2_2
35,3732,4,1,2,1_2,35_1_2
24,3733,3,4,4,4_4,24_4_4
24,3734,5,2,2,2_2,24_2_2
35,3735,4,2,2,2_2,35_2_2
31,3579,5,2,4,2_4,31_2_4
112,3736,3,7,1,7_1,112_7_1
33,47,5,3,4,3_4,33_3_4
21,47,5,4,3,4_3,21_4_3
55,74,3,7,6,7_6,55_7_6
55,3737,3,7,6,7_6,55_7_6
42,66,4,2,2,2_2,42_2_2
55,3738,3,7,5,7_5,55_7_5
42,3740,3,1,1,1_1,42_1_1
61,3739,4,7,2,7_2,61_7_2
55,3741,4,4,7,4_7,55_4_7
55,3742,1,6,6,6_6,55_6_6
35,3625,4,2,2,2_2,35_2_2
35,3743,3,2,2,2_2,35_2_2
15,2491,4,2,2,2_2,15_2_2
15,3744,4,2,2,2_2,15_2_2
15,3745,4,2,2,2_2,15_2_2
122,3746,5,7,2,7_2,122_7_2
122,16,4,7,7,7_7,122_7_7
122,18,2,7,7,7_7,122_7_7
122,3747,5,1,3,1_3,122_1_3
123,3748,3,1,2,1_2,123_1_2
55,3749,3,7,4,7_4,55_7_4
42,3516,2,6,6,6_6,42_6_6
24,3750,5,2,2,2_2,24_2_2
25,3751,3,2,2,2_2,25_2_2
25,201,4,4,3,4_3,25_4_3
35,3752,3,2,7,2_7,35_2_7
35,248,5,2,2,2_2,35_2_2
55,3753,5,4,4,4_4,55_4_4
125,3754,3,7,2,7_2,125_7_2
55,20,3,7,7,7_7,55_7_7
55,3695,4,7,4,7_4,55_7_4
55,3755,4,7,4,7_4,55_7_4
35,2755,4,2,2,2_2,35_2_2
126,3032,5,4,2,4_2,126_4_2
126,3756,5,4,2,4_2,126_4_2
126,3757,5,7,2,7_2,126_7_2
61,3758,5,2,2,2_2,61_2_2
127,3726,5,4,4,4_4,127_4_4
79,3713,5,4,4,4_4,79_4_4
55,3759,3,1,1,1_1,55_1_1
21,3760,5,2,5,2_5,21_2_5
35,3761,4,2,2,2_2,35_2_2
33,3762,4,2,4,2_4,33_2_4
31,199,3,7,7,7_7,31_7_7
55,3763,4,7,4,7_4,55_7_4
125,3758,5,2,2,2_2,125_2_2
21,138,5,4,3,4_3,21_4_3
24,3764,5,2,7,2_7,24_2_7
21,241,4,4,7,4_7,21_4_7
35,241,4,2,4,2_4,35_2_4
61,3765,3,7,7,7_7,61_7_7
21,88,3,7,7,7_7,21_7_7
125,3765,3,4,6,4_6,125_4_6
21,3750,5,2,7,2_7,21_2_7
21,3766,4,2,2,2_2,21_2_2
31,18,5,2,2,2_2,31_2_2
50,3767,5,2,4,2_4,50_2_4
50,3629,4,2,4,2_4,50_2_4
27,3768,5,2,2,2_2,27_2_2
55,3769,5,2,4,2_4,55_2_4
55,3770,3,7,7,7_7,55_7_7
61,32,4,1,3,1_3,61_1_3
35,3771,5,2,2,2_2,35_2_2
79,3726,5,4,3,4_3,79_4_3
79,3772,4,1,4,1_4,79_1_4
15,2677,3,3,3,3_3,15_3_3
55,122,5,2,4,2_4,55_2_4
55,3731,4,7,2,7_2,55_7_2
21,3773,5,2,2,2_2,21_2_2
25,3774,5,3,4,3_4,25_3_4
25,3743,2,2,2,2_2,25_2_2
25,3775,5,2,2,2_2,25_2_2
131,3776,3,2,7,2_7,131_2_7
55,33,5,2,2,2_2,55_2_2
60,3777,4,2,2,2_2,60_2_2
91,233,4,7,7,7_7,91_7_7
28,3768,5,2,2,2_2,28_2_2
28,3778,3,2,2,2_2,28_2_2
131,3779,3,2,2,2_2,131_2_2
55,3756,5,2,2,2_2,55_2_2
55,3667,3,7,7,7_7,55_7_7
27,3780,2,7,7,7_7,27_7_7
28,3780,1,7,2,7_2,28_7_2
125,3610,5,2,2,2_2,125_2_2
61,3610,5,2,2,2_2,61_2_2
55,3781,5,1,2,1_2,55_1_2
54,124,2,7,7,7_7,54_7_7
31,47,5,2,4,2_4,31_2_4
21,3782,4,1,2,1_2,21_1_2
33,3782,3,1,7,1_7,33_1_7
35,3726,4,1,7,1_7,35_1_7
23,3783,5,2,2,2_2,23_2_2
55,228,3,4,7,4_7,55_4_7
55,3784,4,4,4,4_4,55_4_4
55,3785,4,7,7,7_7,55_7_7
54,3735,4,2,2,2_2,54_2_2
43,3786,5,1,1,1_1,43_1_1
21,3726,3,7,3,7_3,21_7_3
43,3787,5,2,2,2_2,43_2_2
61,159,4,2,7,2_7,61_2_7
125,159,5,2,2,2_2,125_2_2
21,3788,5,2,7,2_7,21_2_7
21,3579,5,2,2,2_2,21_2_2
21,3588,4,3,7,3_7,21_3_7
54,3726,2,6,6,6_6,54_6_6
50,3726,3,4,7,4_7,50_4_7
27,3576,3,7,7,7_7,27_7_7
24,3789,4,4,2,4_2,24_4_2
48,3790,5,2,4,2_4,48_2_4
31,3791,4,2,2,2_2,31_2_2
21,3792,3,7,3,7_3,21_7_3
50,3793,5,1,2,1_2,50_1_2
33,3726,3,6,6,6_6,33_6_6
33,3793,3,7,1,7_1,33_7_1
33,3794,5,1,7,1_7,33_1_7
33,3579,4,7,7,7_7,33_7_7
33,3788,2,5,1,5_1,33_5_1
33,3795,2,7,7,7_7,33_7_7
125,3796,3,2,2,2_2,125_2_2
55,3797,4,4,6,4_6,55_4_6
35,3750,5,2,3,2_3,35_2_3
35,3798,2,6,2,6_2,35_6_2
21,2281,4,7,6,7_6,21_7_6
26,3726,5,7,4,7_4,26_7_4
26,3579,4,7,7,7_7,26_7_7
35,3799,4,2,2,2_2,35_2_2
127,3750,4,2,3,2_3,127_2_3
35,3800,3,7,7,7_7,35_7_7
131,3743,4,2,2,2_2,131_2_2
21,3801,4,2,7,2_7,21_2_7
55,162,5,2,4,2_4,55_2_4
55,3313,5,2,6,2_6,55_2_6
131,3678,4,2,2,2_2,131_2_2
25,3777,2,2,2,2_2,25_2_2
25,3628,3,3,4,3_4,25_3_4
31,3545,4,2,4,2_4,31_2_4
21,3802,5,7,4,7_4,21_7_4
25,173,4,1,2,1_2,25_1_2
31,38,4,2,2,2_2,31_2_2
24,3803,4,2,7,2_7,24_2_7
132,3787,4,7,2,7_2,132_7_2
35,3804,4,7,7,7_7,35_7_7
61,3805,3,2,7,2_7,61_2_7
50,3806,4,7,4,7_4,50_7_4
54,3806,4,7,7,7_7,54_7_7
35,3807,4,7,6,7_6,35_7_6
24,3509,3,7,7,7_7,24_7_7
25,3726,5,3,3,3_3,25_3_3
25,3727,5,1,1,1_1,25_1_1
25,3808,3,2,1,2_1,25_2_1
50,3809,1,6,5,6_5,50_6_5
50,3810,5,2,2,2_2,50_2_2
75,3811,5,2,5,2_5,75_2_5
75,3812,5,6,3,6_3,75_6_3
75,3813,5,2,2,2_2,75_2_2
75,3620,5,2,3,2_3,75_2_3
75,3814,5,7,5,7_5,75_7_5
75,3252,4,2,2,2_2,75_2_2
75,3815,4,1,5,1_5,75_1_5
33,3816,5,2,4,2_4,33_2_4
75,2086,4,2,7,2_7,75_2_7
75,3817,5,2,4,2_4,75_2_4
75,3554,5,4,1,4_1,75_4_1
75,3818,4,2,2,2_2,75_2_2
75,3819,4,1,1,1_1,75_1_1
21,2234,3,7,5,7_5,21_7_5
27,3649,4,2,2,2_2,27_2_2
28,3649,4,2,2,2_2,28_2_2
61,3731,5,2,2,2_2,61_2_2
26,3770,1,7,7,7_7,26_7_7
50,3820,5,1,4,1_4,50_1_4
43,3821,4,1,7,1_7,43_1_7
43,3822,4,7,7,7_7,43_7_7
50,3823,4,7,7,7_7,50_7_7
54,3823,4,7,7,7_7,54_7_7
134,3748,4,2,2,2_2,134_2_2
134,3824,3,2,2,2_2,134_2_2
43,3825,5,2,2,2_2,43_2_2
55,3116,5,4,2,4_2,55_4_2
33,3826,5,7,7,7_7,33_7_7
21,209,4,2,2,2_2,21_2_2
33,3827,5,1,1,1_1,33_1_1
21,3827,4,2,1,2_1,21_2_1
50,3828,4,7,2,7_2,50_7_2
50,3829,3,7,7,7_7,50_7_7
21,219,3,7,2,7_2,21_7_2
55,3830,5,2,2,2_2,55_2_2
55,3831,5,4,2,4_2,55_4_2
55,1889,5,6,4,6_4,55_6_4
55,3832,3,7,6,7_6,55_7_6
127,3712,4,2,7,2_7,127_2_7
55,3304,4,7,4,7_4,55_7_4
55,3833,3,7,7,7_7,55_7_7
127,3834,5,1,1,1_1,127_1_1
55,3835,3,7,7,7_7,55_7_7
21,223,5,2,2,2_2,21_2_2
31,3834,5,1,1,1_1,31_1_1
28,3822,5,2,2,2_2,28_2_2
55,3836,4,4,6,4_6,55_4_6
55,3837,4,7,6,7_6,55_7_6
134,184,5,2,2,2_2,134_2_2
28,3838,4,2,2,2_2,28_2_2
21,3834,5,1,1,1_1,21_1_1
31,3839,3,1,1,1_1,31_1_1
31,3840,4,2,2,2_2,31_2_2
55,3841,4,7,6,7_6,55_7_6
55,1974,4,7,6,7_6,55_7_6
55,3842,4,7,4,7_4,55_7_4
55,2461,4,6,6,6_6,55_6_6
55,3783,5,4,2,4_2,55_4_2
55,3843,5,1,6,1_6,55_1_6
48,3844,5,2,4,2_4,48_2_4
48,3726,5,2,7,2_7,48_2_7
55,3845,2,5,7,5_7,55_5_7
55,3846,3,7,2,7_2,55_7_2
15,3847,5,2,2,2_2,15_2_2
48,3750,5,2,4,2_4,48_2_4
60,3716,4,1,1,1_1,60_1_1
60,3726,5,4,4,4_4,60_4_4
50,3510,4,7,7,7_7,50_7_7
50,3848,5,1,2,1_2,50_1_2
54,3510,3,7,7,7_7,54_7_7
125,3726,5,4,4,4_4,125_4_4
48,3849,3,7,7,7_7,48_7_7
25,3710,3,1,1,1_1,25_1_1
25,3850,5,3,1,3_1,25_3_1
25,3851,5,2,2,2_2,25_2_2
25,3852,4,2,2,2_2,25_2_2
25,3853,3,2,2,2_2,25_2_2
25,3854,3,2,4,2_4,25_2_4
61,2509,5,2,7,2_7,61_2_7
55,3687,3,7,7,7_7,55_7_7
55,3735,4,2,4,2_4,55_2_4
48,3643,5,2,4,2_4,48_2_4
48,83,4,7,7,7_7,48_7_7
48,3637,5,4,5,4_5,48_4_5
48,18,2,7,7,7_7,48_7_7
48,42,3,7,7,7_7,48_7_7
50,3855,2,7,2,7_2,50_7_2
28,3611,1,2,2,2_2,28_2_2
55,3856,5,4,2,4_2,55_4_2
55,3857,3,4,4,4_4,55_4_4
55,3630,4,2,4,2_4,55_2_4
55,3726,4,4,4,4_4,55_4_4
31,3787,5,2,2,2_2,31_2_2
125,2509,5,4,4,4_4,125_4_4
15,3748,4,2,2,2_2,15_2_2
138,3770,4,7,4,7_4,138_7_4
35,3858,4,4,3,4_3,35_4_3
140,3859,5,2,2,2_2,140_2_2
141,2489,4,7,7,7_7,141_7_7
143,3860,4,7,7,7_7,143_7_7
143,3649,5,7,7,7_7,143_7_7
143,138,5,4,7,4_7,143_4_7
143,47,4,7,7,7_7,143_7_7
143,3861,4,7,7,7_7,143_7_7
143,3708,5,7,7,7_7,143_7_7
143,3535,4,7,7,7_7,143_7_7
143,3862,4,7,7,7_7,143_7_7
143,3510,5,7,7,7_7,143_7_7
143,3863,4,7,7,7_7,143_7_7
141,48,3,4,7,4_7,141_4_7
141,3864,4,7,4,7_4,141_7_4
145,3737,5,7,7,7_7,145_7_7
145,3750,4,7,4,7_4,145_7_4
145,3610,5,2,2,2_2,145_2_2
145,3735,5,2,2,2_2,145_2_2
147,3865,2,7,6,7_6,147_7_6
50,3854,3,4,4,4_4,50_4_4
54,3854,5,2,1,2_1,54_2_1
141,109,5,2,2,2_2,141_2_2
48,3748,5,7,2,7_2,48_7_2
61,3510,3,7,7,7_7,61_7_7
48,3866,3,7,2,7_2,48_7_2
148,3640,5,2,2,2_2,148_2_2
55,3510,4,4,7,4_7,55_4_7
125,3510,4,7,7,7_7,125_7_7
149,3770,4,7,7,7_7,149_7_7
48,47,4,7,7,7_7,48_7_7
48,3585,4,7,7,7_7,48_7_7
48,3677,4,2,7,2_7,48_2_7
127,3867,4,2,2,2_2,127_2_2
138,3868,4,7,1,7_1,138_7_1
150,3869,3,2,2,2_2,150_2_2
48,180,5,7,7,7_7,48_7_7
55,3870,5,1,6,1_6,55_1_6
55,3871,3,2,1,2_1,55_2_1
55,136,3,7,7,7_7,55_7_7
152,3869,4,2,2,2_2,152_2_2
33,3825,5,2,1,2_1,33_2_1
144,164,5,2,2,2_2,144_2_2
21,3825,5,2,2,2_2,21_2_2
61,201,4,1,7,1_7,61_1_7
25,3787,4,2,1,2_1,25_2_1
25,3807,3,1,1,1_1,25_1_1
21,3600,3,7,3,7_3,21_7_3
25,3844,5,1,1,1_1,25_1_1
25,3716,4,1,3,1_3,25_1_3
27,3751,2,7,7,7_7,27_7_7
35,3725,3,2,2,2_2,35_2_2
48,3873,5,7,7,7_7,48_7_7
55,3677,3,7,4,7_4,55_7_4
55,2509,5,4,4,4_4,55_4_4
55,3874,4,4,3,4_3,55_4_3
125,201,4,1,1,1_1,125_1_1
15,3875,3,7,7,7_7,15_7_7
24,3876,4,2,2,2_2,24_2_2
24,3877,4,7,7,7_7,24_7_7
35,3878,4,2,2,2_2,35_2_2
54,3879,4,2,2,2_2,54_2_2
50,3879,4,2,2,2_2,50_2_2
55,3880,5,7,2,7_2,55_7_2
48,3881,4,7,7,7_7,48_7_7
141,3882,4,2,3,2_3,141_2_3
141,3883,5,5,7,5_7,141_5_7
156,3751,5,2,4,2_4,156_2_4
48,3884,5,7,7,7_7,48_7_7
55,3750,2,7,5,7_5,55_7_5
55,3885,4,2,4,2_4,55_2_4
55,3713,3,7,7,7_7,55_7_7
27,3886,5,2,2,2_2,27_2_2
35,3887,4,2,2,2_2,35_2_2
26,3888,5,7,4,7_4,26_7_4
26,3599,3,7,7,7_7,26_7_7
26,3889,3,7,7,7_7,26_7_7
48,3890,5,4,1,4_1,48_4_1
48,3891,5,2,7,2_7,48_2_7
55,3892,4,1,4,1_4,55_1_4
55,3714,4,7,1,7_1,55_7_1
150,3750,5,4,4,4_4,150_4_4
33,3893,4,7,6,7_6,33_7_6
55,3894,4,2,5,2_5,55_2_5
25,3724,5,1,2,1_2,25_1_2
50,102,5,1,2,1_2,50_1_2
54,102,4,1,6,1_6,54_1_6
55,3748,4,4,7,4_7,55_4_7
31,3895,4,2,2,2_2,31_2_2
27,3896,3,7,7,7_7,27_7_7
28,3896,2,7,7,7_7,28_7_7
28,3886,4,2,2,2_2,28_2_2
48,3844,5,7,4,7_4,48_7_4
50,3897,5,4,4,4_4,50_4_4
35,3898,5,2,2,2_2,35_2_2
55,3899,3,4,7,4_7,55_4_7
35,124,4,2,2,2_2,35_2_2
48,3695,4,7,7,7_7,48_7_7
26,3900,3,7,7,7_7,26_7_7
26,67,4,7,7,7_7,26_7_7
26,3901,4,1,7,1_7,26_1_7
55,1938,5,7,2,7_2,55_7_2
48,3902,4,7,7,7_7,48_7_7
31,3903,4,2,2,2_2,31_2_2
48,3904,3,7,7,7_7,48_7_7
48,3783,5,7,7,7_7,48_7_7
27,3905,5,2,2,2_2,27_2_2
27,3906,4,2,2,2_2,27_2_2
28,3905,5,2,2,2_2,28_2_2
28,3906,5,2,2,2_2,28_2_2
144,220,5,2,7,2_7,144_2_7
15,3907,3,6,6,6_6,15_6_6
21,3844,4,2,2,2_2,21_2_2
31,3908,3,2,2,2_2,31_2_2
28,3832,4,2,2,2_2,28_2_2
25,3909,4,1,2,1_2,25_1_2
25,3630,1,2,2,2_2,25_2_2
25,3768,5,4,2,4_2,25_4_2
25,3910,3,1,3,1_3,25_1_3
157,3911,4,3,6,3_6,157_3_6
157,3912,5,2,2,2_2,157_2_2
157,3913,3,7,7,7_7,157_7_7
157,3548,5,2,2,2_2,157_2_2
157,2143,5,7,7,7_7,157_7_7
157,3737,4,2,1,2_1,157_2_1
157,3914,4,2,1,2_1,157_2_1
26,3915,3,7,7,7_7,26_7_7
26,3748,4,4,7,4_7,26_4_7
157,3536,4,2,2,2_2,157_2_2
157,3538,2,7,7,7_7,157_7_7
125,3916,4,2,2,2_2,125_2_2
125,253,5,2,2,2_2,125_2_2
31,3917,4,2,2,2_2,31_2_2
27,3918,4,7,2,7_2,27_7_2
55,3919,4,7,6,7_6,55_7_6
55,3920,5,4,4,4_4,55_4_4
89,3750,4,4,3,4_3,89_4_3
150,3743,3,2,2,2_2,150_2_2
15,3770,2,7,7,7_7,15_7_7
15,3921,3,4,4,4_4,15_4_4
61,1953,4,7,7,7_7,61_7_7
21,2994,4,2,3,2_3,21_2_3
127,3922,5,1,2,1_2,127_1_2
31,3882,5,2,4,2_4,31_2_4
157,3923,3,7,7,7_7,157_7_7
157,3725,5,2,2,2_2,157_2_2
157,216,5,2,2,2_2,157_2_2
127,3714,3,7,7,7_7,127_7_7
125,3703,5,2,2,2_2,125_2_2
125,1953,2,6,6,6_6,125_6_6
33,2994,5,2,2,2_2,33_2_2
28,3924,3,2,2,2_2,28_2_2
28,3925,4,2,3,2_3,28_2_3
61,3926,3,2,2,2_2,61_2_2
150,3751,5,4,2,4_2,150_4_2
15,3927,2,7,7,7_7,15_7_7
15,86,5,2,2,2_2,15_2_2
35,3926,3,2,2,2_2,35_2_2
27,3925,4,7,7,7_7,27_7_7
61,3724,2,7,7,7_7,61_7_7
15,3923,4,2,2,2_2,15_2_2
48,3687,4,2,7,2_7,48_2_7
48,13,2,7,7,7_7,48_7_7
60,3545,4,2,2,2_2,60_2_2
26,3928,2,6,7,6_7,26_6_7
15,3743,3,7,7,7_7,15_7_7
48,3929,4,2,7,2_7,48_2_7
48,3831,5,2,4,2_4,48_2_4
55,3743,2,7,7,7_7,55_7_7
55,14,3,7,4,7_4,55_7_4
26,3930,5,7,7,7_7,26_7_7
15,3931,4,4,1,4_1,15_4_1
31,3693,3,7,7,7_7,31_7_7
50,3932,5,2,1,2_1,50_2_1
61,212,5,2,7,2_7,61_2_7
35,3933,4,3,3,3_3,35_3_3
48,3934,5,7,7,7_7,48_7_7
48,3935,3,7,7,7_7,48_7_7
127,3740,2,7,7,7_7,127_7_7
31,3936,5,2,4,2_4,31_2_4
31,3937,4,2,4,2_4,31_2_4
43,2902,4,4,2,4_2,43_4_2
35,3938,5,2,2,2_2,35_2_2
28,3939,2,7,7,7_7,28_7_7
28,156,4,2,2,2_2,28_2_2
48,3713,4,7,7,7_7,48_7_7
21,3787,4,2,2,2_2,21_2_2
33,3787,4,2,1,2_1,33_2_1
161,47,4,2,4,2_4,161_2_4
161,3940,4,2,5,2_5,161_2_5
161,212,5,2,4,2_4,161_2_4
43,3941,3,1,7,1_7,43_1_7
35,3942,3,7,2,7_2,35_7_2
61,3943,5,2,2,2_2,61_2_2
33,3944,4,1,1,1_1,33_1_1
33,3945,1,5,7,5_7,33_5_7
35,3806,4,2,2,2_2,35_2_2
140,3926,5,2,2,2_2,140_2_2
157,3946,5,2,2,2_2,157_2_2
157,3947,2,7,7,7_7,157_7_7
31,3948,3,6,5,6_5,31_6_5
31,3949,5,2,2,2_2,31_2_2
26,3950,4,7,7,7_7,26_7_7
26,3951,2,7,7,7_7,26_7_7
26,3713,4,7,7,7_7,26_7_7
26,3874,5,4,7,4_7,26_4_7
26,2903,5,2,7,2_7,26_2_7
55,3952,3,7,7,7_7,55_7_7
26,159,4,7,7,7_7,26_7_7
15,190,4,3,7,3_7,15_3_7
157,3953,3,1,7,1_7,157_1_7
157,3320,4,3,6,3_6,157_3_6
55,3589,4,4,4,4_4,55_4_4
55,3590,5,2,4,2_4,55_2_4
55,3954,5,1,4,1_4,55_1_4
21,3874,4,2,1,2_1,21_2_1
50,3955,5,2,2,2_2,50_2_2
50,3955,4,7,7,7_7,50_7_7
50,3956,3,7,7,7_7,50_7_7
61,3957,4,1,7,1_7,61_1_7
55,3958,4,4,4,4_4,55_4_4
25,2717,4,2,4,2_4,25_2_4
25,3748,2,1,5,1_5,25_1_5
25,3849,4,2,2,2_2,25_2_2
25,3959,3,2,2,2_2,25_2_2
25,3960,2,2,4,2_4,25_2_4
15,191,3,6,6,6_6,15_6_6
50,3961,3,7,7,7_7,50_7_7
50,3957,3,7,7,7_7,50_7_7
15,192,4,2,2,2_2,15_2_2
157,3667,3,7,4,7_4,157_7_4
35,3962,4,2,2,2_2,35_2_2
26,3545,5,2,7,2_7,26_2_7
26,3963,3,7,7,7_7,26_7_7
55,3869,3,7,7,7_7,55_7_7
55,3865,3,4,7,4_7,55_4_7
55,3964,4,4,4,4_4,55_4_4
35,182,4,2,2,2_2,35_2_2
61,3630,4,7,7,7_7,61_7_7
15,3965,4,2,2,2_2,15_2_2
15,3966,4,2,2,2_2,15_2_2
31,3703,4,2,2,2_2,31_2_2
125,3787,5,2,2,2_2,125_2_2
125,3630,3,7,7,7_7,125_7_7
31,3642,5,2,5,2_5,31_2_5
26,3967,5,2,2,2_2,26_2_2
35,3968,5,2,2,2_2,35_2_2
15,3969,5,2,2,2_2,15_2_2
26,3970,1,7,7,7_7,26_7_7
15,3971,5,2,2,2_2,15_2_2
31,3643,5,2,6,2_6,31_2_6
60,3950,5,2,2,2_2,60_2_2
60,3972,4,2,2,2_2,60_2_2
31,3644,5,2,5,2_5,31_2_5
15,3973,5,2,2,2_2,15_2_2
15,1905,3,2,2,2_2,15_2_2
48,3974,5,1,7,1_7,48_1_7
26,8,5,7,7,7_7,26_7_7
26,3975,5,7,7,7_7,26_7_7
167,3219,5,7,2,7_2,167_7_2
167,248,5,7,7,7_7,167_7_7
167,3976,4,2,2,2_2,167_2_2
167,218,5,2,2,2_2,167_2_2
167,3977,5,2,3,2_3,167_2_3
167,212,5,2,3,2_3,167_2_3
167,2677,4,3,2,3_2,167_3_2
15,3970,1,7,7,7_7,15_7_7
48,3978,4,7,7,7_7,48_7_7
48,3710,5,4,4,4_4,48_4_4
60,3979,3,2,2,2_2,60_2_2
28,157,1,2,2,2_2,28_2_2
171,3980,4,2,2,2_2,171_2_2
50,2661,4,4,2,4_2,50_4_2
50,3981,3,7,7,7_7,50_7_7
15,3964,4,2,2,2_2,15_2_2
50,3982,4,2,6,2_6,50_2_6
15,3952,4,7,7,7_7,15_7_7
48,3642,5,7,3,7_3,48_7_3
35,3032,5,2,2,2_2,35_2_2
48,3551,4,7,7,7_7,48_7_7
15,3347,5,2,2,2_2,15_2_2
35,3983,3,2,7,2_7,35_2_7
75,3984,5,2,4,2_4,75_2_4
75,2978,5,1,5,1_5,75_1_5
75,3985,5,2,5,2_5,75_2_5
75,3752,3,7,7,7_7,75_7_7
75,3986,4,2,7,2_7,75_2_7
75,3222,5,4,3,4_3,75_4_3
75,3177,5,2,3,2_3,75_2_3
75,3987,5,1,3,1_3,75_1_3
75,3988,4,2,2,2_2,75_2_2
179,3600,4,1,4,1_4,179_1_4
61,3989,4,2,7,2_7,61_2_7
127,3899,3,7,7,7_7,127_7_7
35,3990,4,2,2,2_2,35_2_2
31,2248,4,2,2,2_2,31_2_2
15,3991,5,2,2,2_2,15_2_2
55,3992,5,2,2,2_2,55_2_2
31,3993,3,7,7,7_7,31_7_7
60,13,2,7,7,7_7,60_7_7
21,3994,4,2,2,2_2,21_2_2
33,3995,4,7,1,7_1,33_7_1
35,3996,4,2,2,2_2,35_2_2
50,3997,4,1,4,1_4,50_1_4
15,15,5,2,2,2_2,15_2_2
15,3005,3,6,6,6_6,15_6_6
59,3998,4,2,2,2_2,59_2_2
31,3926,5,2,2,2_2,31_2_2
55,3950,3,5,7,5_7,55_5_7
55,3999,3,5,7,5_7,55_5_7
31,3722,4,2,4,2_4,31_2_4
59,4000,4,1,1,1_1,59_1_1
61,3998,4,2,2,2_2,61_2_2
26,4001,2,7,7,7_7,26_7_7
55,4002,4,5,7,5_7,55_5_7
31,3728,4,2,7,2_7,31_2_7
31,3116,4,1,7,1_7,31_1_7
55,3962,2,7,7,7_7,55_7_7
31,3550,5,1,4,1_4,31_1_4
61,3617,3,2,7,2_7,61_2_7
127,4003,5,4,4,4_4,127_4_4
55,4004,4,7,4,7_4,55_7_4
55,3787,4,4,4,4_4,55_4_4
31,4005,3,2,2,2_2,31_2_2
127,3656,5,2,4,2_4,127_2_4
55,4006,3,6,7,6_7,55_6_7
21,4007,4,2,2,2_2,21_2_2
60,4008,3,2,1,2_1,60_2_1
60,3691,4,2,2,2_2,60_2_2
60,3770,2,7,7,7_7,60_7_7
33,4007,4,2,2,2_2,33_2_2
21,4009,4,7,5,7_5,21_7_5
59,4010,3,7,7,7_7,59_7_7
55,3918,4,7,2,7_2,55_7_2
55,4011,2,7,7,7_7,55_7_7
55,226,3,7,7,7_7,55_7_7
55,4012,4,2,2,2_2,55_2_2
55,230,3,4,7,4_7,55_4_7
31,4013,1,6,6,6_6,31_6_6
55,4014,3,7,5,7_5,55_7_5
61,131,4,7,7,7_7,61_7_7
21,3961,4,7,3,7_3,21_7_3
15,2546,3,2,2,2_2,15_2_2
15,2986,3,2,2,2_2,15_2_2
15,4015,2,2,2,2_2,15_2_2
15,4016,5,2,2,2_2,15_2_2
15,2646,4,2,2,2_2,15_2_2
15,3883,4,2,2,2_2,15_2_2
15,3999,4,2,2,2_2,15_2_2
21,4017,4,7,3,7_3,21_7_3
35,1983,5,2,2,2_2,35_2_2
50,4018,4,4,7,4_7,50_4_7
15,3958,3,7,7,7_7,15_7_7
15,3810,5,2,2,2_2,15_2_2
15,3992,5,2,2,2_2,15_2_2
15,4019,2,7,7,7_7,15_7_7
35,4020,5,2,2,2_2,35_2_2
15,4021,3,7,7,7_7,15_7_7
50,4022,4,2,1,2_1,50_2_1
43,4023,5,2,2,2_2,43_2_2
43,4024,5,4,7,4_7,43_4_7
35,4025,5,2,2,2_2,35_2_2
15,4026,3,7,7,7_7,15_7_7
15,4027,4,7,7,7_7,15_7_7
15,4028,3,7,7,7_7,15_7_7
50,4029,4,4,2,4_2,50_4_2
24,4030,5,2,1,2_1,24_2_1
24,4031,4,2,2,2_2,24_2_2
21,4032,4,7,7,7_7,21_7_7
55,4033,5,1,2,1_2,55_1_2
55,4034,5,2,2,2_2,55_2_2
55,3029,4,5,4,5_4,55_5_4
55,4035,3,4,7,4_7,55_4_7
60,4036,4,7,7,7_7,60_7_7
60,4032,3,7,7,7_7,60_7_7
60,56,3,2,2,2_2,60_2_2
15,4003,5,7,7,7_7,15_7_7
15,4037,5,4,4,4_4,15_4_4
21,4038,3,7,4,7_4,21_7_4
24,4039,4,2,1,2_1,24_2_1
60,3958,1,7,7,7_7,60_7_7
60,4040,3,2,2,2_2,60_2_2
60,3735,5,2,2,2_2,60_2_2
60,3735,5,2,2,2_2,60_2_2
60,3610,5,2,2,2_2,60_2_2
15,4041,4,4,7,4_7,15_4_7
33,4042,2,7,7,7_7,33_7_7
33,4038,3,1,4,1_4,33_1_4
33,4043,4,7,2,7_2,33_7_2
33,4032,4,7,4,7_4,33_7_4
33,4044,3,7,7,7_7,33_7_7
21,4045,5,5,7,5_7,21_5_7
21,4042,2,7,7,7_7,21_7_7
31,4046,4,2,2,2_2,31_2_2
31,4047,3,7,6,7_6,31_7_6
31,230,5,2,2,2_2,31_2_2
31,3646,5,2,2,2_2,31_2_2
21,73,4,2,2,2_2,21_2_2
21,4048,4,2,2,2_2,21_2_2
61,4049,5,2,2,2_2,61_2_2
35,3972,4,2,2,2_2,35_2_2
35,4003,5,2,2,2_2,35_2_2
15,4050,5,2,2,2_2,15_2_2
61,4036,4,3,7,3_7,61_3_7
31,4051,4,4,1,4_1,31_4_1
31,2835,3,7,7,7_7,31_7_7
31,2540,4,2,2,2_2,31_2_2
43,173,5,2,2,2_2,43_2_2
21,108,3,2,4,2_4,21_2_4
26,3980,5,7,7,7_7,26_7_7
33,4052,4,2,4,2_4,33_2_4
61,4053,4,2,7,2_7,61_2_7
21,3936,4,2,5,2_5,21_2_5
21,3937,4,2,5,2_5,21_2_5
21,3949,5,2,5,2_5,21_2_5
35,4054,5,2,2,2_2,35_2_2
15,4055,4,4,4,4_4,15_4_4
15,4056,5,2,2,2_2,15_2_2
125,3611,5,2,2,2_2,125_2_2
125,4053,4,2,2,2_2,125_2_2
31,4057,3,2,2,2_2,31_2_2
125,4054,4,2,2,2_2,125_2_2
125,4058,2,7,7,7_7,125_7_7
31,3725,4,2,2,2_2,31_2_2
31,4059,4,7,6,7_6,31_7_6
15,4061,5,2,2,2_2,15_2_2
61,4060,4,7,2,7_2,61_7_2
125,4060,3,2,2,2_2,125_2_2
125,3926,3,2,2,2_2,125_2_2
26,3909,3,7,7,7_7,26_7_7
48,4062,3,7,7,7_7,48_7_7
26,3992,3,7,7,7_7,26_7_7
31,3625,5,2,2,2_2,31_2_2
31,4063,4,2,2,2_2,31_2_2
21,84,3,7,1,7_1,21_7_1
31,40,4,2,2,2_2,31_2_2
35,3992,5,2,2,2_2,35_2_2
21,4064,2,7,2,7_2,21_7_2
26,4065,3,7,7,7_7,26_7_7
26,3797,4,7,7,7_7,26_7_7
61,4066,4,2,2,2_2,61_2_2
125,4066,4,2,2,2_2,125_2_2
33,4064,2,7,7,7_7,33_7_7
125,4074,3,7,7,7_7,125_7_7
33,84,4,5,1,5_1,33_5_1
33,4067,2,7,7,7_7,33_7_7
31,4068,5,4,4,4_4,31_4_4
21,4069,4,7,5,7_5,21_7_5
60,4070,5,2,2,2_2,60_2_2
60,4071,3,7,7,7_7,60_7_7
61,35,4,1,2,1_2,61_1_2
61,3579,4,7,7,7_7,61_7_7
125,3579,4,7,7,7_7,125_7_7
125,4072,1,6,7,6_7,125_6_7
31,4073,4,2,4,2_4,31_2_4
35,3664,5,2,2,2_2,35_2_2
125,3713,5,2,4,2_4,125_2_4
61,3713,4,7,7,7_7,61_7_7
26,3443,4,7,7,7_7,26_7_7
26,3832,5,7,7,7_7,26_7_7
50,2755,4,2,2,2_2,50_2_2
21,4075,4,7,4,7_4,21_7_4
15,4004,5,2,2,2_2,15_2_2
157,3743,3,2,7,2_7,157_2_7
157,4076,3,7,7,7_7,157_7_7
61,4077,4,7,7,7_7,61_7_7
21,4078,2,7,7,7_7,21_7_7
21,1983,5,2,2,2_2,21_2_2
157,3649,5,2,2,2_2,157_2_2
33,4079,1,7,7,7_7,33_7_7
31,4080,1,7,7,7_7,31_7_7
33,4078,3,2,2,2_2,33_2_2
21,4081,3,7,4,7_4,21_7_4
21,4003,4,2,4,2_4,21_2_4
26,4082,1,7,7,7_7,26_7_7
26,3964,1,7,6,7_6,26_7_6
21,2651,5,2,5,2_5,21_2_5
31,4083,4,2,2,2_2,31_2_2
48,4084,5,7,1,7_1,48_7_1
61,3950,3,7,7,7_7,61_7_7
125,3950,3,7,7,7_7,125_7_7
15,4085,4,2,2,2_2,15_2_2
15,4086,3,7,7,7_7,15_7_7
15,4066,3,7,7,7_7,15_7_7
61,4087,5,2,2,2_2,61_2_2
26,4032,3,7,7,7_7,26_7_7
31,2619,3,2,7,2_7,31_2_7
125,4087,5,2,2,2_2,125_2_2
31,4088,4,2,2,2_2,31_2_2
60,61,3,7,7,7_7,60_7_7
31,4089,3,7,7,7_7,31_7_7
125,4090,4,7,7,7_7,125_7_7
48,4081,5,7,7,7_7,48_7_7
55,4091,3,7,7,7_7,55_7_7
55,4092,4,4,7,4_7,55_4_7
15,248,5,7,7,7_7,15_7_7
15,249,5,7,7,7_7,15_7_7
15,250,5,7,7,7_7,15_7_7
33,4098,2,7,2,7_2,33_7_2
26,3032,5,7,2,7_2,26_7_2
55,4093,2,6,7,6_7,55_6_7
55,3979,3,2,7,2_7,55_2_7
55,4094,3,4,7,4_7,55_4_7
31,4095,5,2,2,2_2,31_2_2
31,4096,1,7,7,7_7,31_7_7
125,4097,5,2,2,2_2,125_2_2
21,4098,3,2,7,2_7,21_2_7
61,4097,4,7,2,7_2,61_7_2
26,4081,5,7,7,7_7,26_7_7
26,4098,5,2,7,2_7,26_2_7
33,94,5,2,1,2_1,33_2_1
33,4099,3,7,7,7_7,33_7_7
48,4100,3,1,7,1_7,48_1_7
15,4101,5,2,2,2_2,15_2_2
15,2679,4,7,7,7_7,15_7_7
15,4054,3,2,2,2_2,15_2_2
31,4102,3,7,7,7_7,31_7_7
125,4070,5,2,2,2_2,125_2_2
26,3922,5,1,7,1_7,26_1_7
26,2677,5,7,7,7_7,26_7_7
26,2725,5,4,4,4_4,26_4_4
31,3737,4,1,5,1_5,31_1_5
55,3966,3,2,7,2_7,55_2_7
55,3312,3,7,7,7_7,55_7_7
55,4103,2,7,6,7_6,55_7_6
55,4032,3,7,7,7_7,55_7_7
55,4057,3,7,2,7_2,55_7_2
26,4087,4,7,7,7_7,26_7_7
55,4104,3,7,7,7_7,55_7_7
31,193,3,7,2,7_2,31_7_2
21,220,4,2,2,2_2,21_2_2
15,4105,3,7,7,7_7,15_7_7
15,2725,2,7,7,7_7,15_7_7
15,2205,1,6,6,6_6,15_6_6
15,4065,3,7,7,7_7,15_7_7
15,3869,2,7,7,7_7,15_7_7
31,4106,5,1,1,1_1,31_1_1
55,4086,3,7,4,7_4,55_7_4
55,4107,2,7,7,7_7,55_7_7
55,4054,3,7,7,7_7,55_7_7
55,99,3,7,7,7_7,55_7_7
55,4108,4,7,4,7_4,55_7_4
75,4102,4,2,7,2_7,75_2_7
75,4109,4,2,5,2_5,75_2_5
75,4110,4,2,4,2_4,75_2_4
75,4111,5,2,3,2_3,75_2_3
75,4112,4,2,7,2_7,75_2_7
75,3242,4,2,2,2_2,75_2_2
75,4113,5,1,3,1_3,75_1_3
75,3737,5,1,5,1_5,75_1_5
21,4114,4,4,3,4_3,21_4_3
188,3753,5,4,7,4_7,188_4_7
75,4115,5,2,3,2_3,75_2_3
75,4116,2,7,7,7_7,75_7_7
75,2668,5,3,3,3_3,75_3_3
188,3622,5,7,7,7_7,188_7_7
191,4117,5,4,2,4_2,191_4_2
191,2116,4,2,4,2_4,191_2_4
191,4118,5,2,7,2_7,191_2_7
191,69,4,1,7,1_7,191_1_7
191,4119,5,4,1,4_1,191_4_1
191,3769,4,7,7,7_7,191_7_7
191,3704,4,1,1,1_1,191_1_1
191,4112,3,2,7,2_7,191_2_7
190,4036,4,7,7,7_7,190_7_7
190,3726,4,2,2,2_2,190_2_2
190,78,4,2,7,2_7,190_2_7
190,230,5,7,7,7_7,190_7_7
190,149,4,7,7,7_7,190_7_7
190,3737,5,2,2,2_2,190_2_2
188,3376,5,1,1,1_1,188_1_1
188,2011,4,7,7,7_7,188_7_7
188,4086,2,7,7,7_7,188_7_7
190,244,4,7,7,7_7,190_7_7
190,212,4,2,2,2_2,190_2_2
190,2713,5,7,7,7_7,190_7_7
190,3660,4,2,2,2_2,190_2_2
193,4120,2,7,7,7_7,193_7_7
193,3970,3,7,7,7_7,193_7_7
193,4121,5,2,2,2_2,193_2_2
193,3962,4,7,7,7_7,193_7_7
193,3869,5,7,7,7_7,193_7_7
55,4160,4,2,4,2_4,55_2_4
193,3780,3,7,7,7_7,193_7_7
193,248,5,7,7,7_7,193_7_7
193,249,5,7,7,7_7,193_7_7
193,250,5,7,7,7_7,193_7_7
193,4122,5,7,7,7_7,193_7_7
193,4071,2,7,7,7_7,193_7_7
193,3996,2,7,7,7_7,193_7_7
193,47,3,7,7,7_7,193_7_7
193,247,4,7,7,7_7,193_7_7
193,4123,1,7,7,7_7,193_7_7
193,4092,4,7,7,7_7,193_7_7
193,4124,1,7,7,7_7,193_7_7
193,3649,4,7,7,7_7,193_7_7
193,4006,1,7,7,7_7,193_7_7
193,4066,3,7,7,7_7,193_7_7
26,2460,4,7,7,7_7,26_7_7
26,4125,4,7,7,7_7,26_7_7
188,91,3,7,7,7_7,188_7_7
193,244,5,7,7,7_7,193_7_7
193,245,5,7,7,7_7,193_7_7
193,246,5,7,7,7_7,193_7_7
193,220,5,7,7,7_7,193_7_7
193,4126,5,7,7,7_7,193_7_7
26,4127,1,7,7,7_7,26_7_7
26,4033,4,7,7,7_7,26_7_7
15,4070,4,2,2,2_2,15_2_2
26,4128,4,7,3,7_3,26_7_3
197,4129,5,4,7,4_7,197_4_7
197,3775,5,7,7,7_7,197_7_7
55,4130,4,2,4,2_4,55_2_4
55,4131,4,5,7,5_7,55_5_7
55,4132,3,7,4,7_4,55_7_4
193,115,5,7,7,7_7,193_7_7
196,4133,4,2,2,2_2,196_2_2
196,4134,2,7,7,7_7,196_7_7
196,3998,5,2,4,2_4,196_2_4
196,172,5,2,4,2_4,196_2_4
196,3689,5,2,4,2_4,196_2_4
196,212,5,2,2,2_2,196_2_2
196,47,5,4,4,4_4,196_4_4
199,2120,5,7,3,7_3,199_7_3
199,3032,5,2,7,2_7,199_2_7
199,2713,4,4,4,4_4,199_4_4
31,4135,4,2,7,2_7,31_2_7
200,47,5,7,4,7_4,200_7_4
200,3980,4,2,4,2_4,200_2_4
200,4057,5,7,7,7_7,200_7_7
200,4136,2,7,4,7_4,200_7_4
193,4137,4,7,7,7_7,193_7_7
193,2509,5,7,7,7_7,193_7_7
24,4139,4,7,7,7_7,24_7_7
26,4138,4,7,7,7_7,26_7_7
201,167,5,4,1,4_1,201_4_1
201,4140,5,1,1,1_1,201_1_1
201,4141,5,1,2,1_2,201_1_2
201,3224,5,7,7,7_7,201_7_7
201,3748,4,4,4,4_4,201_4_4
201,4043,4,7,7,7_7,201_7_7
196,164,4,2,4,2_4,196_2_4
24,4142,5,7,7,7_7,24_7_7
24,4143,4,7,7,7_7,24_7_7
196,202,3,6,4,6_4,196_6_4
21,3771,5,7,5,7_5,21_7_5
26,4144,4,7,7,7_7,26_7_7
15,4036,1,7,7,7_7,15_7_7
193,4107,5,7,7,7_7,193_7_7
15,4146,1,7,7,7_7,15_7_7
31,3686,4,2,7,2_7,31_2_7
193,4145,4,7,7,7_7,193_7_7
207,4147,4,2,7,2_7,207_2_7
202,4032,4,2,5,2_5,202_2_5
21,4148,3,7,7,7_7,21_7_7
48,3627,5,7,7,7_7,48_7_7
33,4148,3,4,4,4_4,33_4_4
15,4138,3,7,7,7_7,15_7_7
15,3661,5,7,7,7_7,15_7_7
157,4149,5,2,4,2_4,157_2_4
31,4150,3,2,7,2_7,31_2_7
193,4151,4,7,7,7_7,193_7_7
209,130,5,7,7,7_7,209_7_7
193,4152,5,7,7,7_7,193_7_7
211,3,5,2,2,2_2,211_2_2
213,47,5,4,7,4_7,213_4_7
211,4040,5,2,2,2_2,211_2_2
211,4070,5,2,2,2_2,211_2_2
190,4153,4,2,2,2_2,190_2_2
190,4087,4,2,2,2_2,190_2_2
31,3966,3,2,7,2_7,31_2_7
31,4154,3,7,7,7_7,31_7_7
214,3980,4,2,2,2_2,214_2_2
214,4057,4,2,5,2_5,214_2_5
220,3983,5,2,2,2_2,220_2_2
31,4103,5,2,2,2_2,31_2_2
26,4155,1,7,7,7_7,26_7_7
26,4156,4,7,1,7_1,26_7_1
221,4132,4,7,7,7_7,221_7_7
221,3972,4,2,2,2_2,221_2_2
221,3531,3,4,7,4_7,221_4_7
202,4157,2,2,1,2_1,202_2_1
202,4158,5,2,2,2_2,202_2_2
26,4159,4,7,7,7_7,26_7_7
21,3522,4,2,2,2_2,21_2_2
31,4161,4,2,7,2_7,31_2_7
15,4087,3,7,7,7_7,15_7_7
31,4070,5,2,2,2_2,31_2_2
21,4119,4,7,7,7_7,21_7_7
15,4162,4,2,2,2_2,15_2_2
61,4006,3,2,7,2_7,61_2_7
31,3766,4,2,2,2_2,31_2_2
125,4163,5,2,1,2_1,125_2_1
61,4164,4,2,7,2_7,61_2_7
61,3642,4,7,7,7_7,61_7_7
26,4166,4,7,7,7_7,26_7_7
225,4054,5,2,2,2_2,225_2_2
225,3966,5,2,2,2_2,225_2_2
125,4165,5,2,2,2_2,125_2_2
31,4167,4,1,7,1_7,31_1_7
31,4168,2,7,7,7_7,31_7_7
31,4169,4,2,2,2_2,31_2_2
31,108,3,2,2,2_2,31_2_2
31,4170,3,2,7,2_7,31_2_7
190,4171,5,2,2,2_2,190_2_2
31,4172,3,6,6,6_6,31_6_6
125,4132,2,7,7,7_7,125_7_7
61,4132,3,7,7,7_7,61_7_7
21,3623,3,7,7,7_7,21_7_7
125,3623,4,7,7,7_7,125_7_7
26,1972,4,2,2,2_2,26_2_2
26,3984,5,7,7,7_7,26_7_7
26,4147,3,7,7,7_7,26_7_7
125,4151,5,2,2,2_2,125_2_2
228,4173,5,2,2,2_2,228_2_2
61,4174,5,2,1,2_1,61_2_1
55,4175,2,7,7,7_7,55_7_7
55,3926,3,2,7,2_7,55_2_7
125,4174,5,2,1,2_1,125_2_1
33,4176,4,2,2,2_2,33_2_2
33,4110,3,7,7,7_7,33_7_7
33,4177,4,4,3,4_3,33_4_3
33,4119,4,7,7,7_7,33_7_7
33,31,2,7,7,7_7,33_7_7
55,4178,3,5,7,5_7,55_5_7
31,4087,3,7,2,7_2,31_7_2
48,3899,5,7,7,7_7,48_7_7
31,4179,3,6,5,6_5,31_6_5
202,4173,4,2,2,2_2,202_2_2
202,4180,4,7,4,7_4,202_7_4
202,4181,4,4,4,4_4,202_4_4
61,115,4,7,7,7_7,61_7_7
54,2490,5,2,2,2_2,54_2_2
50,2490,4,7,1,7_1,50_7_1
127,4182,5,1,1,1_1,127_1_1
127,3642,5,7,3,7_3,127_7_3
21,3642,4,2,3,2_3,21_2_3
26,3029,2,7,7,7_7,26_7_7
35,4183,4,4,1,4_1,35_4_1
230,3032,5,2,7,2_7,230_2_7
125,115,2,7,6,7_6,125_7_6
239,4184,4,7,7,7_7,239_7_7
239,2996,5,2,2,2_2,239_2_2
61,4185,5,2,2,2_2,61_2_2
193,16,3,7,7,7_7,193_7_7
193,3544,4,7,7,7_7,193_7_7
193,4186,5,7,7,7_7,193_7_7
193,2509,5,7,7,7_7,193_7_7
193,2347,4,7,7,7_7,193_7_7
193,3525,5,7,7,7_7,193_7_7
31,3984,4,2,2,2_2,31_2_2
61,4187,4,2,7,2_7,61_2_7
33,4188,5,6,2,6_2,33_6_2
55,4151,2,7,7,7_7,55_7_7
55,4147,3,2,7,2_7,55_2_7
55,4189,2,7,7,7_7,55_7_7
125,3642,4,7,1,7_1,125_7_1
125,4187,3,7,7,7_7,125_7_7
193,4190,5,7,7,7_7,193_7_7
193,4191,5,7,7,7_7,193_7_7
193,13,4,7,7,7_7,193_7_7
193,4192,4,7,7,7_7,193_7_7
193,3746,1,7,7,7_7,193_7_7
33,4193,1,7,7,7_7,33_7_7
15,3925,3,7,7,7_7,15_7_7
15,4173,5,7,7,7_7,15_7_7
15,4071,5,2,2,2_2,15_2_2
21,85,5,2,4,2_4,21_2_4
15,3455,4,2,2,2_2,15_2_2
241,4177,4,3,6,3_6,241_3_6
241,4194,4,7,7,7_7,241_7_7
241,4192,5,7,7,7_7,241_7_7
55,3882,3,4,7,4_7,55_4_7
15,4195,1,7,7,7_7,15_7_7
241,2759,5,7,7,7_7,241_7_7
241,3926,3,2,2,2_2,241_2_2
241,3926,5,2,2,2_2,241_2_2
33,4196,3,7,7,7_7,33_7_7
241,1886,1,7,7,7_7,241_7_7
241,157,2,7,7,7_7,241_7_7
241,2526,3,7,7,7_7,241_7_7
241,3032,2,7,7,7_7,241_7_7
243,4092,3,7,2,7_2,243_7_2
243,4091,2,7,7,7_7,243_7_7
243,4197,4,2,4,2_4,243_2_4
243,4188,5,2,2,2_2,243_2_2
243,1,3,7,7,7_7,243_7_7
50,3772,4,4,1,4_1,50_4_1
21,4232,4,1,2,1_2,21_1_2
50,4198,3,7,2,7_2,50_7_2
15,4199,5,7,7,7_7,15_7_7
26,4200,5,7,7,7_7,26_7_7
241,3926,5,7,7,7_7,241_7_7
241,225,2,7,7,7_7,241_7_7
127,4163,5,7,7,7_7,127_7_7
55,4201,4,4,6,4_6,55_4_6
55,175,3,7,4,7_4,55_7_4
127,4202,4,7,7,7_7,127_7_7
25,4203,3,2,2,2_2,25_2_2
25,4204,4,2,4,2_4,25_2_4
25,4205,2,2,5,2_5,25_2_5
25,4206,2,5,5,5_5,25_5_5
25,4207,4,3,4,3_4,25_3_4
25,4208,3,4,4,4_4,25_4_4
25,4209,3,2,2,2_2,25_2_2
25,4210,4,2,2,2_2,25_2_2
25,4211,5,2,4,2_4,25_2_4
25,3990,4,2,2,2_2,25_2_2
25,4081,5,3,4,3_4,25_3_4
50,4212,4,2,2,2_2,50_2_2
125,4197,4,7,7,7_7,125_7_7
127,4147,3,7,7,7_7,127_7_7
241,3692,2,7,7,7_7,241_7_7
241,4160,2,7,7,7_7,241_7_7
241,4213,5,2,7,2_7,241_2_7
241,4214,2,7,7,7_7,241_7_7
202,4076,3,7,7,7_7,202_7_7
202,4215,5,2,2,2_2,202_2_2
202,4216,5,2,4,2_4,202_2_4
202,4217,4,4,4,4_4,202_4_4
50,4218,4,4,1,4_1,50_4_1
202,3750,5,2,4,2_4,202_2_4
202,89,3,7,7,7_7,202_7_7
202,89,4,2,7,2_7,202_2_7
157,4006,5,2,2,2_2,157_2_2
202,4219,4,2,7,2_7,202_2_7
202,51,5,2,5,2_5,202_2_5
202,4220,1,6,6,6_6,202_6_6
202,4221,5,2,2,2_2,202_2_2
25,4070,3,3,2,3_2,25_3_2
25,4036,4,2,4,2_4,25_2_4
61,4222,5,1,7,1_7,61_1_7
15,3312,4,2,2,2_2,15_2_2
59,4223,3,7,7,7_7,59_7_7
21,4036,3,7,5,7_5,21_7_5
25,4142,4,2,4,2_4,25_2_4
61,3983,4,7,2,7_2,61_7_2
21,4151,4,2,4,2_4,21_2_4
25,1938,3,2,2,2_2,25_2_2
59,4224,2,6,7,6_7,59_6_7
21,3832,4,7,7,7_7,21_7_7
55,4098,3,4,2,4_2,55_4_2
55,3980,2,7,7,7_7,55_7_7
55,4225,2,7,7,7_7,55_7_7
55,4226,3,4,7,4_7,55_4_7
55,4227,2,7,7,7_7,55_7_7
55,4197,2,7,7,7_7,55_7_7
55,4228,4,2,7,2_7,55_2_7
55,3998,3,4,4,4_4,55_4_4
25,4034,4,1,2,1_2,25_1_2
21,4229,5,2,4,2_4,21_2_4
50,4230,4,2,4,2_4,50_2_4
61,3943,5,2,2,2_2,61_2_2
202,2464,3,7,7,7_7,202_7_7
202,2464,5,2,7,2_7,202_2_7
202,4231,1,7,7,7_7,202_7_7
244,3689,3,7,4,7_4,244_7_4
244,4233,3,7,7,7_7,244_7_7
244,4234,4,2,2,2_2,244_2_2
244,4164,4,2,2,2_2,244_2_2
244,4235,4,7,2,7_2,244_7_2
15,4236,5,2,2,2_2,15_2_2
202,4202,4,2,7,2_7,202_2_7
202,4147,3,2,7,2_7,202_2_7
202,4091,4,7,7,7_7,202_7_7
31,198,2,7,7,7_7,31_7_7
202,4100,2,7,7,7_7,202_7_7
157,4103,3,7,7,7_7,157_7_7
157,4103,2,7,7,7_7,157_7_7
15,4237,4,2,2,2_2,15_2_2
50,4238,4,7,7,7_7,50_7_7
50,2036,4,7,2,7_2,50_7_2
61,4239,4,7,7,7_7,61_7_7
15,4007,4,2,2,2_2,15_2_2
202,3376,5,2,1,2_1,202_2_1
202,3559,2,7,7,7_7,202_7_7
193,4240,4,1,1,1_1,193_1_1
193,4126,5,7,7,7_7,193_7_7
193,4241,5,7,7,7_7,193_7_7
193,4242,5,7,7,7_7,193_7_7
33,4232,5,2,1,2_1,33_2_1
75,4150,4,2,7,2_7,75_2_7
75,4043,5,2,1,2_1,75_2_1
75,4243,5,2,3,2_3,75_2_3
61,4244,4,2,2,2_2,61_2_2
55,4245,2,7,7,7_7,55_7_7
55,4246,4,2,7,2_7,55_2_7
55,4145,4,2,7,2_7,55_2_7
55,4202,3,7,4,7_4,55_7_4
55,4247,3,4,7,4_7,55_4_7
48,4177,5,1,7,1_7,48_1_7
241,231,3,7,7,7_7,241_7_7
241,4248,4,7,7,7_7,241_7_7
35,4249,4,4,4,4_4,35_4_4
125,4244,3,2,2,2_2,125_2_2
50,3025,4,4,6,4_6,50_4_6
61,4250,3,7,7,7_7,61_7_7
48,4003,5,2,7,2_7,48_2_7
50,4251,4,2,2,2_2,50_2_2
21,3588,3,7,7,7_7,21_7_7
33,3588,4,2,3,2_3,33_2_3
195,4087,4,2,2,2_2,195_2_2
50,4252,4,1,1,1_1,50_1_1
127,4090,4,7,7,7_7,127_7_7
241,3,4,7,7,7_7,241_7_7
55,3515,3,7,7,7_7,55_7_7
55,3516,3,7,7,7_7,55_7_7
55,4253,2,7,6,7_6,55_7_6
55,4254,4,4,4,4_4,55_4_4
127,4255,5,2,2,2_2,127_2_2
31,4052,3,7,1,7_1,31_7_1
31,4256,3,2,7,2_7,31_2_7
127,4228,4,7,7,7_7,127_7_7
31,4257,1,2,7,2_7,31_2_7
31,4255,5,2,7,2_7,31_2_7
50,4258,5,2,1,2_1,50_2_1
127,4070,4,2,7,2_7,127_2_7
193,3835,2,7,7,7_7,193_7_7
127,4219,2,7,7,7_7,127_7_7
31,4230,5,2,4,2_4,31_2_4
127,4259,4,1,7,1_7,127_1_7
31,4244,4,2,2,2_2,31_2_2
50,4185,4,7,7,7_7,50_7_7
241,6,5,2,2,2_2,241_2_2
31,3731,4,2,2,2_2,31_2_2
15,3098,5,2,7,2_7,15_2_7
48,3786,4,7,7,7_7,48_7_7
48,241,5,4,7,4_7,48_4_7
48,4260,5,2,7,2_7,48_2_7
48,4261,5,1,4,1_4,48_1_4
48,3950,3,7,7,7_7,48_7_7
31,4262,4,2,2,2_2,31_2_2
31,4263,3,2,2,2_2,31_2_2
61,4259,4,7,2,7_2,61_7_2
50,2660,5,2,2,2_2,50_2_2
31,4264,4,2,3,2_3,31_2_3
127,38,3,7,7,7_7,127_7_7
127,4265,3,7,7,7_7,127_7_7
21,4230,4,7,4,7_4,21_7_4
21,4266,2,7,7,7_7,21_7_7
50,4267,4,4,4,4_4,50_4_4
21,3899,4,2,4,2_4,21_2_4
31,4268,4,2,2,2_2,31_2_2
55,4258,3,7,4,7_4,55_7_4
55,4185,3,7,7,7_7,55_7_7
55,4253,2,7,7,7_7,55_7_7
55,4269,3,7,3,7_3,55_7_3
55,4270,4,4,2,4_2,55_4_2
21,4271,3,2,6,2_6,21_2_6
55,4272,4,2,4,2_4,55_2_4
157,4066,4,2,2,2_2,157_2_2
157,4273,4,2,2,2_2,157_2_2
157,170,3,2,2,2_2,157_2_2
31,4274,5,2,2,2_2,31_2_2
50,3869,3,7,7,7_7,50_7_7
31,4275,4,2,2,2_2,31_2_2
50,4276,4,1,7,1_7,50_1_7
127,4277,4,1,1,1_1,127_1_1
125,4278,5,2,2,2_2,125_2_2
61,4278,5,2,2,2_2,61_2_2
31,4279,3,2,7,2_7,31_2_7
193,3758,5,7,7,7_7,193_7_7
31,4280,2,2,7,2_7,31_2_7
15,4281,1,7,7,7_7,15_7_7
59,3204,4,1,1,1_1,59_1_1
15,4282,5,4,4,4_4,15_4_4
50,4287,4,4,7,4_7,50_4_7
31,3692,4,2,4,2_4,31_2_4
15,4272,5,2,2,2_2,15_2_2
15,4228,4,7,7,7_7,15_7_7
31,4286,3,7,7,7_7,31_7_7
50,4278,4,2,2,2_2,50_2_2
248,4283,5,2,2,2_2,248_2_2
31,4284,2,7,7,7_7,31_7_7
31,4285,4,2,2,2_2,31_2_2
61,4147,4,7,7,7_7,61_7_7
61,4288,4,2,2,2_2,61_2_2
251,47,5,5,3,5_3,251_5_3
252,3701,5,2,7,2_7,252_2_7
252,4289,5,2,2,2_2,252_2_2
252,3835,4,7,7,7_7,252_7_7
125,4288,5,2,7,2_7,125_2_7
31,4290,3,2,7,2_7,31_2_7
253,3601,5,1,2,1_2,253_1_2
253,4130,5,2,4,2_4,253_2_4
253,4131,4,4,2,4_2,253_4_2
253,4095,5,2,2,2_2,253_2_2
253,3671,1,5,7,5_7,253_5_7
253,4291,3,2,2,2_2,253_2_2
253,3728,5,7,7,7_7,253_7_7
253,4033,5,7,7,7_7,253_7_7
253,193,4,2,4,2_4,253_2_4
253,47,5,4,4,4_4,253_4_4
253,170,5,2,2,2_2,253_2_2
253,4169,5,2,2,2_2,253_2_2
253,3611,4,2,7,2_7,253_2_7
253,3124,4,4,3,4_3,253_4_3
253,4141,5,1,2,1_2,253_1_2
253,4066,5,2,2,2_2,253_2_2
253,4070,4,7,7,7_7,253_7_7
253,3847,4,2,2,2_2,253_2_2
253,3859,2,7,6,7_6,253_7_6
253,4103,4,2,2,2_2,253_2_2
253,4292,5,2,2,2_2,253_2_2
253,3980,4,2,2,2_2,253_2_2
253,218,5,2,4,2_4,253_2_4
253,3304,3,7,3,7_3,253_7_3
253,4293,5,2,2,2_2,253_2_2
253,4294,2,7,7,7_7,253_7_7
61,2903,5,2,2,2_2,61_2_2
125,2903,5,2,2,2_2,125_2_2
31,194,2,7,7,7_7,31_7_7
21,155,4,4,4,4_4,21_4_4
21,4295,4,2,2,2_2,21_2_2
33,155,3,7,4,7_4,33_7_4
33,4295,5,1,4,1_4,33_1_4
33,4284,2,7,7,7_7,33_7_7
193,4296,5,7,7,7_7,193_7_7
21,4297,4,2,2,2_2,21_2_2
33,4297,4,2,2,2_2,33_2_2
127,4217,5,1,7,1_7,127_1_7
125,4267,3,7,6,7_6,125_7_6
61,138,4,4,7,4_7,61_4_7
125,138,4,7,3,7_3,125_7_3
33,4298,2,7,7,7_7,33_7_7
33,4299,1,7,7,7_7,33_7_7
15,4300,3,2,2,2_2,15_2_2
15,4301,3,7,7,7_7,15_7_7
15,4270,4,7,7,7_7,15_7_7
15,4302,5,7,7,7_7,15_7_7
61,73,3,2,7,2_7,61_2_7
61,4255,4,7,7,7_7,61_7_7
125,73,2,7,7,7_7,125_7_7
125,4255,4,7,7,7_7,125_7_7
254,3098,5,2,2,2_2,254_2_2
127,4303,5,2,2,2_2,127_2_2
127,4304,5,2,2,2_2,127_2_2
21,4299,1,4,7,4_7,21_4_7
193,4228,3,7,7,7_7,193_7_7
61,3527,2,7,7,7_7,61_7_7
125,3527,2,7,7,7_7,125_7_7
55,4066,2,7,7,7_7,55_7_7
55,4184,2,7,7,7_7,55_7_7
55,4305,3,7,4,7_4,55_7_4
55,4300,3,7,2,7_2,55_7_2
61,4188,5,1,2,1_2,61_1_2
125,4188,5,1,2,1_2,125_1_2
31,4308,4,2,2,2_2,31_2_2
195,4309,5,2,4,2_4,195_2_4
125,3599,5,7,7,7_7,125_7_7
15,4004,5,7,7,7_7,15_7_7
21,4310,4,7,3,7_3,21_7_3
21,4311,3,7,5,7_5,21_7_5
55,4081,4,4,7,4_7,55_4_7
55,4219,2,7,7,7_7,55_7_7
31,4312,3,7,7,7_7,31_7_7
31,4313,2,2,7,2_7,31_2_7
125,4033,5,1,1,1_1,125_1_1
15,4147,4,7,7,7_7,15_7_7
15,3950,5,2,2,2_2,15_2_2
15,172,5,2,2,2_2,15_2_2
15,150,5,7,7,7_7,15_7_7
15,3954,5,NA,NA,NA_NA,15_NA_NA
15,223,5,NA,NA,NA_NA,15_NA_NA
15,152,5,NA,NA,NA_NA,15_NA_NA
21,3968,4,NA,NA,NA_NA,21_NA_NA
21,3898,4,NA,NA,NA_NA,21_NA_NA
21,3826,5,NA,NA,NA_NA,21_NA_NA
21,3098,5,NA,NA,NA_NA,21_NA_NA
15,151,5,NA,NA,NA_NA,15_NA_NA
15,3313,5,NA,NA,NA_NA,15_NA_NA
31,4314,5,2,2,2_2,31_2_2
33,3635,5,2,2,2_2,33_2_2
15,3890,1,NA,NA,NA_NA,15_NA_NA
257,3589,4,2,2,2_2,257_2_2
257,3590,4,2,2,2_2,257_2_2
257,3954,5,3,4,3_4,257_3_4
257,3098,4,2,2,2_2,257_2_2
257,4302,5,2,2,2_2,257_2_2
257,2450,4,2,2,2_2,257_2_2
31,2074,3,7,7,7_7,31_7_7
61,2770,2,7,7,7_7,61_7_7
31,4307,4,2,7,2_7,31_2_7
31,4315,5,2,2,2_2,31_2_2
15,4306,1,7,7,7_7,15_7_7
31,4003,3,1,1,1_1,31_1_1
15,4045,5,NA,NA,NA_NA,15_NA_NA
15,4316,4,7,7,7_7,15_7_7
15,2628,4,NA,NA,NA_NA,15_NA_NA
31,4317,2,7,7,7_7,31_7_7
15,3548,4,NA,NA,NA_NA,15_NA_NA
15,2592,5,NA,NA,NA_NA,15_NA_NA
31,4318,2,7,7,7_7,31_7_7
15,4163,4,NA,NA,NA_NA,15_NA_NA
15,4274,5,NA,NA,NA_NA,15_NA_NA
127,4319,4,2,7,2_7,127_2_7
127,4320,4,1,7,1_7,127_1_7
127,3737,5,NA,NA,NA_NA,127_NA_NA
31,44,4,2,4,2_4,31_2_4
61,155,4,2,7,2_7,61_2_7
61,4297,4,7,2,7_2,61_7_2
15,196,4,NA,NA,NA_NA,15_NA_NA
15,3646,4,NA,NA,NA_NA,15_NA_NA
21,3635,5,2,2,2_2,21_2_2
15,4100,4,7,7,7_7,15_7_7
59,3592,5,7,1,7_1,59_7_1
193,4306,4,7,7,7_7,193_7_7
193,223,4,NA,NA,NA_NA,193_NA_NA
193,3560,3,NA,NA,NA_NA,193_NA_NA
193,3880,1,NA,NA,NA_NA,193_NA_NA
193,3547,4,NA,NA,NA_NA,193_NA_NA
193,3504,3,NA,NA,NA_NA,193_NA_NA
193,3549,4,NA,NA,NA_NA,193_NA_NA
193,3556,2,NA,NA,NA_NA,193_NA_NA
193,172,2,NA,NA,NA_NA,193_NA_NA
193,3548,4,NA,NA,NA_NA,193_NA_NA
193,3617,1,NA,NA,NA_NA,193_NA_NA
193,219,5,NA,NA,NA_NA,193_NA_NA
55,4321,2,7,7,7_7,55_7_7
55,4322,3,7,4,7_4,55_7_4
55,4323,3,7,7,7_7,55_7_7
55,4244,3,7,4,7_4,55_7_4
264,2683,5,2,2,2_2,264_2_2
264,3870,5,1,1,1_1,264_1_1
264,39,5,4,4,4_4,264_4_4
264,2009,5,2,2,2_2,264_2_2
264,4232,4,2,4,2_4,264_2_4
264,3645,5,2,2,2_2,264_2_2
264,3613,5,2,2,2_2,264_2_2
264,3920,5,4,4,4_4,264_4_4
264,70,4,7,2,7_2,264_7_2
264,2141,5,1,4,1_4,264_1_4
264,33,4,1,1,1_1,264_1_1
264,4195,5,3,1,3_1,264_3_1
264,2690,5,2,1,2_1,264_2_1
264,3005,5,1,1,1_1,264_1_1
264,2509,5,4,4,4_4,264_4_4
264,4016,5,1,1,1_1,264_1_1
264,47,4,4,4,4_4,264_4_4
264,30,5,6,3,6_3,264_6_3
264,203,3,2,2,2_2,264_2_2
15,2143,4,NA,NA,NA_NA,15_NA_NA
15,2009,5,NA,NA,NA_NA,15_NA_NA
125,4103,5,2,2,2_2,125_2_2
15,4324,3,7,7,7_7,15_7_7
15,4288,4,7,7,7_7,15_7_7
15,4325,5,7,7,7_7,15_7_7
15,2343,5,7,7,7_7,15_7_7
15,4326,2,7,7,7_7,15_7_7
15,3650,1,6,1,6_1,15_6_1
59,4327,1,7,7,7_7,59_7_7
61,4328,2,7,7,7_7,61_7_7
15,4314,4,NA,NA,NA_NA,15_NA_NA
15,3635,4,NA,NA,NA_NA,15_NA_NA
15,141,4,NA,NA,NA_NA,15_NA_NA
15,220,5,NA,NA,NA_NA,15_NA_NA
59,4081,4,1,1,1_1,59_1_1
15,3219,4,NA,NA,NA_NA,15_NA_NA
15,218,5,NA,NA,NA_NA,15_NA_NA
245,218,5,7,7,7_7,245_7_7
245,3758,5,7,7,7_7,245_7_7
245,3737,5,7,7,7_7,245_7_7
245,3211,5,7,7,7_7,245_7_7
245,3737,5,7,7,7_7,245_7_7
15,4329,5,1,1,1_1,15_1_1
59,4330,2,7,7,7_7,59_7_7
193,4303,5,7,7,7_7,193_7_7
193,4101,2,NA,NA,NA_NA,193_NA_NA
15,4331,4,7,7,7_7,15_7_7
15,4219,5,7,7,7_7,15_7_7
125,4324,5,2,4,2_4,125_2_4
193,4332,4,7,7,7_7,193_7_7
15,4333,4,7,7,7_7,15_7_7
59,4334,3,7,7,7_7,59_7_7
50,3998,3,5,7,5_7,50_5_7
125,3659,3,2,2,2_2,125_2_2
125,33,5,2,2,2_2,125_2_2
61,3659,4,7,7,7_7,61_7_7
75,4335,5,2,4,2_4,75_2_4
75,4336,4,5,1,5_1,75_5_1
75,4162,4,7,7,7_7,75_7_7
75,4337,5,2,3,2_3,75_2_3
75,4286,5,2,2,2_2,75_2_2
75,4338,4,2,5,2_5,75_2_5
75,4339,5,2,3,2_3,75_2_3
75,2251,5,1,7,1_7,75_1_7
75,4340,4,5,6,5_6,75_5_6
75,4314,5,2,2,2_2,75_2_2
75,4341,4,2,3,2_3,75_2_3
75,4315,4,2,3,2_3,75_2_3
75,4342,3,7,7,7_7,75_7_7
75,2836,5,2,4,2_4,75_2_4
75,4343,4,2,3,2_3,75_2_3
75,4344,4,2,1,2_1,75_2_1
75,2427,5,2,5,2_5,75_2_5
75,4345,5,2,1,2_1,75_2_1
75,4346,4,2,1,2_1,75_2_1
21,4151,3,7,7,7_7,21_7_7
15,3773,3,NA,NA,NA_NA,15_NA_NA
15,3856,3,NA,NA,NA_NA,15_NA_NA
15,3753,4,NA,NA,NA_NA,15_NA_NA
50,4347,4,2,4,2_4,50_2_4
15,4348,5,2,2,2_2,15_2_2
31,3681,4,2,2,2_2,31_2_2
15,4349,5,2,2,2_2,15_2_2
15,4350,3,7,7,7_7,15_7_7
15,4351,5,2,2,2_2,15_2_2
15,4352,4,7,7,7_7,15_7_7
15,3781,4,NA,NA,NA_NA,15_NA_NA
15,4353,4,7,7,7_7,15_7_7
59,4354,2,6,6,6_6,59_6_6
61,4355,3,7,7,7_7,61_7_7
157,4098,3,2,2,2_2,157_2_2
55,4356,5,2,2,2_2,55_2_2
55,4354,3,7,4,7_4,55_7_4
55,4356,3,7,4,7_4,55_7_4
55,4288,3,7,4,7_4,55_7_4
55,4358,2,7,7,7_7,55_7_7
55,4359,3,7,7,7_7,55_7_7
15,4360,4,2,2,2_2,15_2_2
15,4319,5,7,7,7_7,15_7_7
33,4151,3,2,7,2_7,33_2_7
33,4361,5,1,4,1_4,33_1_4
268,3918,5,7,2,7_2,268_7_2
157,4362,4,7,3,7_3,157_7_3
125,4363,5,2,2,2_2,125_2_2
125,4364,5,2,2,2_2,125_2_2
50,4365,4,7,2,7_2,50_7_2
61,4303,5,2,2,2_2,61_2_2
125,4303,5,2,2,2_2,125_2_2
50,3951,3,7,7,7_7,50_7_7
50,4366,4,1,1,1_1,50_1_1
55,4367,3,7,4,7_4,55_7_4
55,4347,3,4,7,4_7,55_4_7
55,3592,4,NA,NA,NA_NA,55_NA_NA
50,4368,5,1,4,1_4,50_1_4
50,2909,4,2,7,2_7,50_2_7
157,3455,4,2,2,2_2,157_2_2
50,4369,4,2,1,2_1,50_2_1
33,4379,3,7,7,7_7,33_7_7
33,4370,1,7,7,7_7,33_7_7
33,4371,1,1,1,1_1,33_1_1
50,4372,3,7,7,7_7,50_7_7
50,1890,5,2,2,2_2,50_2_2
61,4373,2,7,6,7_6,61_7_6
125,4374,3,7,7,7_7,125_7_7
125,4373,2,7,6,7_6,125_7_6
50,3842,3,7,7,7_7,50_7_7
125,4375,5,2,2,2_2,125_2_2
31,3954,3,1,1,1_1,31_1_1
31,4375,4,2,2,2_2,31_2_2
50,4376,3,6,4,6_4,50_6_4
33,4377,3,7,7,7_7,33_7_7
33,2240,4,4,7,4_7,33_4_7
21,2240,4,1,5,1_5,21_1_5
31,4378,5,2,4,2_4,31_2_4
55,4378,4,7,4,7_4,55_7_4
55,4045,3,7,7,7_7,55_7_7
55,4374,4,5,7,5_7,55_5_7
31,4045,5,4,4,4_4,31_4_4
31,4380,2,7,7,7_7,31_7_7
31,4381,3,2,2,2_2,31_2_2
31,4324,4,2,7,2_7,31_2_7
61,177,5,2,2,2_2,61_2_2
125,177,5,2,2,2_2,125_2_2
21,4288,2,2,7,2_7,21_2_7
245,3870,5,7,7,7_7,245_7_7
